-185.9 4.53988070906565
-185.8 4.53801276028806
-185.7 4.53614481151048
-185.6 4.5342768627329
-185.5 4.53240891395531
-185.4 4.53054096517773
-185.3 4.52867301640015
-185.2 4.52680506762257
-185.1 4.52493711884498
-185 4.5230691700674
-184.9 4.52120122128982
-184.8 4.51933327251223
-184.7 4.51746532373465
-184.6 4.51559737495707
-184.5 4.51372942617949
-184.4 4.5118614774019
-184.3 4.50999352862432
-184.2 4.50812557984674
-184.1 4.50625763106915
-184 4.50438968229157
-183.9 4.50252173351399
-183.8 4.50065378473641
-183.7 4.49878583595882
-183.6 4.49691788718124
-183.5 4.49504993840366
-183.4 4.49318198962607
-183.3 4.49131404084849
-183.2 4.48944609207091
-183.1 4.48757814329333
-183 4.48571019451574
-182.9 4.48384224573816
-182.8 4.48197429696058
-182.7 4.48010634818299
-182.6 4.47823839940541
-182.5 4.47637045062783
-182.4 4.47450250185025
-182.3 4.47263455307266
-182.2 4.47076660429508
-182.1 4.4688986555175
-182 4.46703070673991
-181.9 4.46516275796233
-181.8 4.46329480918475
-181.7 4.46142686040717
-181.6 4.45955891162958
-181.5 4.457690962852
-181.4 4.45582301407442
-181.3 4.45395506529683
-181.2 4.45208711651925
-181.1 4.45021916774167
-181 4.44835121896409
-180.9 4.4464832701865
-180.8 4.44461532140892
-180.7 4.44274737263134
-180.6 4.44087942385375
-180.5 4.43901147507617
-180.4 4.43714352629859
-180.3 4.43527557752101
-180.2 4.43340762874342
-180.1 4.43153967996584
-180 4.42967173118826
-179.9 4.42780378241067
-179.8 4.42593583363309
-179.7 4.42406788485551
-179.6 4.42219993607793
-179.5 4.42033198730034
-179.4 4.42030219894345
-179.3 4.42066971606896
-179.2 4.42103723319447
-179.1 4.42140475031997
-179 4.42177226744548
-178.9 4.42213978457099
-178.8 4.4225073016965
-178.7 4.42287481882201
-178.6 4.42324233594751
-178.5 4.42360985307302
-178.4 4.42397737019853
-178.3 4.42434488732404
-178.2 4.42471240444955
-178.1 4.42507992157505
-178 4.42544743870056
-177.9 4.42581495582607
-177.8 4.42618247295158
-177.7 4.42654999007709
-177.6 4.42691750720259
-177.5 4.4272850243281
-177.4 4.42765254145361
-177.3 4.42802005857912
-177.200000000001 4.42838757570463
-177.100000000001 4.42875509283013
-177.000000000001 4.42912260995564
-176.900000000001 4.42949012708115
-176.800000000001 4.42985764420666
-176.700000000001 4.43022516133217
-176.600000000001 4.43059267845767
-176.500000000001 4.43096019558318
-176.400000000001 4.43132771270869
-176.300000000001 4.4316952298342
-176.200000000001 4.4320627469597
-176.100000000001 4.43243026408521
-176.000000000001 4.43279778121072
-175.900000000001 4.43316529833623
-175.800000000001 4.43353281546174
-175.700000000001 4.43390033258724
-175.600000000001 4.43426784971275
-175.500000000001 4.43463536683826
-175.400000000001 4.43500288396377
-175.300000000001 4.43537040108928
-175.200000000001 4.43573791821478
-175.100000000001 4.43610543534029
-175.000000000001 4.4364729524658
-174.900000000001 4.43684046959131
-174.800000000001 4.43720798671682
-174.700000000001 4.43757550384232
-174.600000000001 4.43794302096783
-174.500000000001 4.43831053809334
-174.400000000001 4.43867805521885
-174.300000000001 4.43904557234436
-174.200000000001 4.43941308946986
-174.100000000001 4.43978060659537
-174.000000000001 4.44014812372088
-173.900000000001 4.44051564084639
-173.800000000001 4.4408831579719
-173.700000000001 4.4412506750974
-173.600000000001 4.44161819222291
-173.500000000001 4.44198570934842
-173.400000000001 4.44235322647393
-173.300000000001 4.44272074359943
-173.200000000001 4.44308826072494
-173.100000000001 4.44345577785045
-173.000000000001 4.44382329497596
-172.900000000001 4.44419081210147
-172.800000000001 4.44455832922697
-172.700000000001 4.44492584635248
-172.600000000001 4.44529336347799
-172.500000000001 4.4456608806035
-172.400000000001 4.44602839772901
-172.300000000001 4.44639591485451
-172.200000000001 4.44676343198002
-172.100000000001 4.44713094910553
-172.000000000001 4.44749846623104
-171.900000000001 4.44786598335655
-171.800000000001 4.44823350048205
-171.700000000001 4.44860101760756
-171.600000000001 4.44896853473307
-171.500000000001 4.44933605185858
-171.400000000001 4.44970356898409
-171.300000000001 4.45007108610959
-171.200000000001 4.4504386032351
-171.100000000001 4.45080612036061
-171.000000000001 4.45117363748612
-170.900000000001 4.45154115461163
-170.800000000001 4.45190867173713
-170.700000000001 4.45227618886264
-170.600000000001 4.45264370598815
-170.500000000001 4.45301122311366
-170.400000000001 4.45337874023916
-170.300000000001 4.45374625736467
-170.200000000001 4.45411377449018
-170.100000000001 4.45448129161569
-170.000000000001 4.4548488087412
-169.900000000001 4.4552163258667
-169.800000000001 4.45558384299221
-169.700000000001 4.45595136011772
-169.600000000001 4.45631887724323
-169.500000000001 4.45668639436874
-169.400000000001 4.45705391149424
-169.300000000001 4.45742142861975
-169.200000000001 4.45778894574526
-169.100000000001 4.45815646287077
-169.000000000001 4.45852397999628
-168.900000000001 4.45889149712178
-168.800000000001 4.45925901424729
-168.700000000001 4.4596265313728
-168.600000000001 4.45999404849831
-168.500000000001 4.46036156562382
-168.400000000001 4.46072908274932
-168.300000000001 4.46109659987483
-168.200000000001 4.46146411700034
-168.100000000001 4.46183163412585
-168.000000000001 4.46219915125136
-167.900000000001 4.46256666837686
-167.800000000001 4.46293418550237
-167.700000000001 4.46330170262788
-167.600000000001 4.46366921975339
-167.500000000001 4.46403673687889
-167.400000000001 4.4644042540044
-167.300000000001 4.46477177112991
-167.200000000001 4.46513928825542
-167.100000000001 4.46550680538093
-167.000000000001 4.46587432250644
-166.900000000001 4.46624183963194
-166.800000000001 4.46660935675745
-166.700000000001 4.46697687388296
-166.600000000001 4.46734439100847
-166.500000000001 4.46771190813397
-166.400000000001 4.46807942525948
-166.300000000001 4.46844694238499
-166.200000000001 4.4688144595105
-166.100000000001 4.46918197663601
-166.000000000001 4.46954949376151
-165.900000000001 4.46991701088702
-165.800000000001 4.47028452801253
-165.700000000001 4.47065204513804
-165.600000000001 4.47101956226355
-165.500000000001 4.47138707938905
-165.400000000001 4.47175459651456
-165.300000000001 4.47212211364007
-165.200000000001 4.47248963076558
-165.100000000001 4.47285714789109
-165.000000000001 4.47322466501659
-164.900000000001 4.4735921821421
-164.800000000001 4.47395969926761
-164.700000000001 4.47432721639312
-164.600000000001 4.47469473351862
-164.500000000001 4.47506225064413
-164.400000000001 4.47542976776964
-164.300000000001 4.47579728489515
-164.200000000001 4.47616480202066
-164.100000000001 4.47653231914617
-164.000000000001 4.47689983627167
-163.900000000001 4.47726735339718
-163.800000000001 4.47763487052269
-163.700000000001 4.4780023876482
-163.600000000001 4.4783699047737
-163.500000000001 4.47873742189921
-163.400000000001 4.47910493902472
-163.300000000001 4.47947245615023
-163.200000000001 4.47983997327574
-163.100000000001 4.48020749040124
-163.000000000001 4.48057500752675
-162.900000000001 4.48094252465226
-162.800000000001 4.48131004177777
-162.700000000001 4.48167755890328
-162.600000000001 4.48204507602878
-162.500000000001 4.48241259315429
-162.400000000001 4.4827801102798
-162.300000000001 4.48314762740531
-162.200000000001 4.48351514453082
-162.100000000001 4.48388266165632
-162.000000000001 4.48425017878183
-161.900000000001 4.48461769590734
-161.800000000001 4.48498521303285
-161.700000000001 4.48535273015836
-161.600000000001 4.48572024728386
-161.500000000001 4.48608776440937
-161.400000000001 4.48645528153488
-161.300000000001 4.48682279866039
-161.200000000001 4.4871903157859
-161.100000000001 4.4875578329114
-161.000000000001 4.48792535003691
-160.900000000001 4.48829286716242
-160.800000000001 4.48866038428793
-160.700000000001 4.48902790141343
-160.600000000001 4.48939541853894
-160.500000000001 4.48976293566445
-160.400000000001 4.49013045278996
-160.300000000001 4.49049796991547
-160.200000000001 4.49086548704097
-160.100000000001 4.49123300416648
-160.000000000001 4.49160052129199
-159.900000000001 4.4919680384175
-159.800000000001 4.49233555554301
-159.700000000001 4.49270307266851
-159.600000000002 4.49307058979402
-159.500000000002 4.49343810691953
-159.400000000002 4.49380562404504
-159.300000000002 4.49417314117055
-159.200000000002 4.49454065829605
-159.100000000002 4.49490817542156
-159.000000000002 4.49527569254707
-158.900000000002 4.49564320967258
-158.800000000002 4.49601072679809
-158.700000000002 4.49637824392359
-158.600000000002 4.4967457610491
-158.500000000002 4.49711327817461
-158.400000000002 4.49748079530012
-158.300000000002 4.49784831242563
-158.200000000002 4.49821582955113
-158.100000000002 4.49858334667664
-158.000000000002 4.49895086380215
-157.900000000002 4.49931838092766
-157.800000000002 4.49968589805316
-157.700000000002 4.50005341517867
-157.600000000002 4.50042093230418
-157.500000000002 4.50078844942969
-157.400000000002 4.5011559665552
-157.300000000002 4.5015234836807
-157.200000000002 4.50189100080621
-157.100000000002 4.50225851793172
-157.000000000002 4.50262603505723
-156.900000000002 4.50299355218274
-156.800000000002 4.50336106930824
-156.700000000002 4.50372858643375
-156.600000000002 4.50409610355926
-156.500000000002 4.50446362068477
-156.400000000002 4.50483113781028
-156.300000000002 4.50519865493578
-156.200000000002 4.50556617206129
-156.100000000002 4.5059336891868
-156.000000000002 4.50630120631231
-155.900000000002 4.50666872343782
-155.800000000002 4.50703624056332
-155.700000000002 4.50740375768883
-155.600000000002 4.50777127481434
-155.500000000002 4.50813879193985
-155.400000000002 4.50850630906536
-155.300000000002 4.50887382619086
-155.200000000002 4.50924134331637
-155.100000000002 4.50960886044188
-155.000000000002 4.50997637756739
-154.900000000002 4.50993779912604
-154.800000000002 4.50987132561867
-154.700000000002 4.5098048521113
-154.600000000002 4.50973837860393
-154.500000000002 4.50967190509656
-154.400000000002 4.50960543158918
-154.300000000002 4.50953895808181
-154.200000000002 4.50947248457444
-154.100000000002 4.50940601106707
-154.000000000002 4.5093395375597
-153.900000000002 4.50927306405233
-153.800000000002 4.50920659054496
-153.700000000002 4.50914011703759
-153.600000000002 4.50907364353022
-153.500000000002 4.50900717002285
-153.400000000002 4.50894069651548
-153.300000000002 4.50887422300811
-153.200000000002 4.50880774950074
-153.100000000002 4.50874127599337
-153.000000000002 4.508674802486
-152.900000000002 4.50860832897863
-152.800000000002 4.50854185547126
-152.700000000002 4.50847538196389
-152.600000000002 4.50840890845651
-152.500000000002 4.50834243494914
-152.400000000002 4.50827596144177
-152.300000000002 4.5082094879344
-152.200000000002 4.50814301442703
-152.100000000002 4.50807654091966
-152.000000000002 4.50801006741229
-151.900000000002 4.50794359390492
-151.800000000002 4.50787712039755
-151.700000000002 4.50781064689018
-151.600000000002 4.50774417338281
-151.500000000002 4.50767769987544
-151.400000000002 4.50761122636807
-151.300000000002 4.5075447528607
-151.200000000002 4.50747827935333
-151.100000000002 4.50741180584596
-151.000000000002 4.50734533233859
-150.900000000002 4.50727885883122
-150.800000000002 4.50721238532385
-150.700000000002 4.50714591181648
-150.600000000002 4.5070794383091
-150.500000000002 4.50701296480173
-150.400000000002 4.50694649129436
-150.300000000002 4.50688001778699
-150.200000000002 4.50681354427962
-150.100000000002 4.50674707077225
-150.000000000002 4.50668059726488
-149.900000000002 4.50661412375751
-149.800000000002 4.50654765025014
-149.700000000002 4.50648117674277
-149.600000000002 4.5064147032354
-149.500000000002 4.50634822972803
-149.400000000002 4.50628175622066
-149.300000000002 4.50621528271329
-149.200000000002 4.50614880920592
-149.100000000002 4.50608233569855
-149.000000000002 4.50601586219118
-148.900000000002 4.50594938868381
-148.800000000002 4.50588291517643
-148.700000000002 4.50581644166906
-148.600000000002 4.50574996816169
-148.500000000002 4.50568349465432
-148.400000000002 4.50561702114695
-148.300000000002 4.50555054763958
-148.200000000002 4.50548407413221
-148.100000000002 4.50541760062484
-148.000000000002 4.50535112711747
-147.900000000002 4.5052846536101
-147.800000000002 4.50521818010273
-147.700000000002 4.50515170659536
-147.600000000002 4.50508523308799
-147.500000000002 4.50501875958062
-147.400000000002 4.50495228607325
-147.300000000002 4.50488581256588
-147.200000000002 4.50481933905851
-147.100000000002 4.50475286555114
-147.000000000002 4.50468639204377
-146.900000000002 4.5046199185364
-146.800000000002 4.50455344502902
-146.700000000002 4.50448697152165
-146.600000000002 4.50442049801428
-146.500000000002 4.50435402450691
-146.400000000002 4.50428755099954
-146.300000000002 4.50422107749217
-146.200000000002 4.5041546039848
-146.100000000002 4.50408813047743
-146.000000000002 4.50402165697006
-145.900000000002 4.50395518346269
-145.800000000002 4.50388870995532
-145.700000000002 4.50382223644795
-145.600000000002 4.50375576294058
-145.500000000002 4.50368928943321
-145.400000000002 4.50362281592584
-145.300000000002 4.50355634241847
-145.200000000002 4.5034898689111
-145.100000000002 4.50342339540373
-145.000000000002 4.50335692189635
-144.900000000002 4.50329044838898
-144.800000000002 4.50322397488161
-144.700000000002 4.50315750137424
-144.600000000002 4.50309102786687
-144.500000000002 4.5030245543595
-144.400000000002 4.50295808085213
-144.300000000002 4.50289160734476
-144.200000000002 4.50282513383739
-144.100000000002 4.50275866033002
-144.000000000002 4.50269218682265
-143.900000000002 4.50262571331528
-143.800000000002 4.50255923980791
-143.700000000002 4.50249276630054
-143.600000000002 4.50242629279317
-143.500000000002 4.5023598192858
-143.400000000002 4.50229334577843
-143.300000000002 4.50222687227106
-143.200000000002 4.50216039876369
-143.100000000002 4.50209392525632
-143.000000000002 4.50202745174894
-142.900000000002 4.50196097824157
-142.800000000002 4.5018945047342
-142.700000000002 4.50182803122683
-142.600000000002 4.50176155771946
-142.500000000002 4.50169508421209
-142.400000000002 4.50162861070472
-142.300000000002 4.50156213719735
-142.200000000002 4.50149566368998
-142.100000000002 4.50142919018261
-142.000000000003 4.50136271667524
-141.900000000003 4.50129624316787
-141.800000000003 4.5012297696605
-141.700000000003 4.50116329615313
-141.600000000003 4.50109682264576
-141.500000000003 4.50103034913839
-141.400000000003 4.50096387563102
-141.300000000003 4.50089740212365
-141.200000000003 4.50083092861628
-141.100000000003 4.5007644551089
-141.000000000003 4.50069798160153
-140.900000000003 4.50063150809416
-140.800000000003 4.50056503458679
-140.700000000003 4.50049856107942
-140.600000000003 4.50043208757205
-140.500000000003 4.50036561406468
-140.400000000003 4.50029914055731
-140.300000000003 4.50023266704994
-140.200000000003 4.50016619354257
-140.100000000003 4.5000997200352
-140.000000000003 4.50003324652783
-139.900000000003 4.49996677302046
-139.800000000003 4.49990029951309
-139.700000000003 4.49983382600572
-139.600000000003 4.49976735249835
-139.500000000003 4.49970087899098
-139.400000000003 4.49963440548361
-139.300000000003 4.49956793197624
-139.200000000003 4.49950145846887
-139.100000000003 4.49943498496149
-139.000000000003 4.49936851145412
-138.900000000003 4.49930203794675
-138.800000000003 4.49923556443938
-138.700000000003 4.49916909093201
-138.600000000003 4.49910261742464
-138.500000000003 4.49903614391727
-138.400000000003 4.4989696704099
-138.300000000003 4.49890319690253
-138.200000000003 4.49883672339516
-138.100000000003 4.49877024988779
-138.000000000003 4.49870377638042
-137.900000000003 4.49863730287305
-137.800000000003 4.49857082936568
-137.700000000003 4.49850435585831
-137.600000000003 4.49843788235094
-137.500000000003 4.49837140884357
-137.400000000003 4.4983049353362
-137.300000000003 4.49823846182882
-137.200000000003 4.49817198832145
-137.100000000003 4.49810551481408
-137.000000000003 4.49803904130671
-136.900000000003 4.49797256779934
-136.800000000003 4.49790609429197
-136.700000000003 4.4978396207846
-136.600000000003 4.49777314727723
-136.500000000003 4.49770667376986
-136.400000000003 4.49764020026249
-136.300000000003 4.49757372675512
-136.200000000003 4.49750725324775
-136.100000000003 4.49744077974038
-136.000000000003 4.49737430623301
-135.900000000003 4.49730783272564
-135.800000000003 4.49724135921827
-135.700000000003 4.4971748857109
-135.600000000003 4.49710841220353
-135.500000000003 4.49704193869615
-135.400000000003 4.49697546518878
-135.300000000003 4.49690899168141
-135.200000000003 4.49684251817404
-135.100000000003 4.49677604466667
-135.000000000003 4.4967095711593
-134.900000000003 4.49664309765193
-134.800000000003 4.49657662414456
-134.700000000003 4.49651015063719
-134.600000000003 4.49644367712982
-134.500000000003 4.49637720362245
-134.400000000003 4.49631073011508
-134.300000000003 4.49624425660771
-134.200000000003 4.49617778310034
-134.100000000003 4.49611130959297
-134.000000000003 4.4960448360856
-133.900000000003 4.49597836257823
-133.800000000003 4.49591188907086
-133.700000000003 4.49584541556349
-133.600000000003 4.49577894205612
-133.500000000003 4.49571246854874
-133.400000000003 4.49564599504137
-133.300000000003 4.495579521534
-133.200000000003 4.49551304802663
-133.100000000003 4.49544657451926
-133.000000000003 4.49538010101189
-132.900000000003 4.49531362750452
-132.800000000003 4.49524715399715
-132.700000000003 4.49518068048978
-132.600000000003 4.49511420698241
-132.500000000003 4.49504773347504
-132.400000000003 4.49498125996767
-132.300000000003 4.4949147864603
-132.200000000003 4.49484831295293
-132.100000000003 4.49478183944556
-132.000000000003 4.49471536593819
-131.900000000003 4.49464889243082
-131.800000000003 4.49458241892345
-131.700000000003 4.49451594541608
-131.600000000003 4.4944494719087
-131.500000000003 4.49438299840133
-131.400000000003 4.49431652489396
-131.300000000003 4.49425005138659
-131.200000000003 4.49418357787922
-131.100000000003 4.49411710437185
-131.000000000003 4.49405063086448
-130.900000000003 4.49398415735711
-130.800000000003 4.49391768384974
-130.700000000003 4.49385121034237
-130.600000000003 4.493784736835
-130.500000000003 4.49371826332763
-130.400000000003 4.49365178982026
-130.300000000003 4.49358531631289
-130.200000000003 4.49351884280552
-130.100000000003 4.49345236929815
-130.000000000003 4.49338589579078
-129.900000000003 4.49331942228341
-129.800000000003 4.49325294877604
-129.700000000003 4.49318647526866
-129.600000000003 4.49312000176129
-129.500000000003 4.49305352825392
-129.400000000003 4.49298705474655
-129.300000000003 4.49292058123918
-129.200000000003 4.49285410773181
-129.100000000003 4.49278763422444
-129.000000000003 4.49272116071707
-128.900000000003 4.4926546872097
-128.800000000003 4.49258821370233
-128.700000000003 4.49252174019496
-128.600000000003 4.49245526668759
-128.500000000003 4.49238879318022
-128.400000000003 4.49232231967285
-128.300000000003 4.49225584616548
-128.200000000003 4.49218937265811
-128.100000000003 4.49212289915074
-128.000000000003 4.49205642564337
-127.900000000003 4.491989952136
-127.800000000003 4.49192347862862
-127.700000000003 4.49185700512125
-127.600000000003 4.49179053161388
-127.500000000003 4.49172405810651
-127.400000000003 4.49165758459914
-127.300000000003 4.49159111109177
-127.200000000003 4.4915246375844
-127.100000000003 4.49145816407703
-127.000000000003 4.49139169056966
-126.900000000003 4.49132521706229
-126.800000000003 4.49125874355492
-126.700000000003 4.49119227004755
-126.600000000003 4.49112579654018
-126.500000000003 4.49105932303281
-126.400000000003 4.49099284952544
-126.300000000003 4.49092637601807
-126.200000000003 4.4908599025107
-126.100000000003 4.49079342900333
-126.000000000003 4.49072695549596
-125.900000000003 4.49066048198859
-125.800000000003 4.49059400848121
-125.700000000003 4.49052753497384
-125.600000000003 4.49046106146647
-125.500000000003 4.4903945879591
-125.400000000003 4.49032811445173
-125.300000000003 4.49026164094436
-125.200000000003 4.49019516743699
-125.100000000003 4.49012869392962
-125.000000000003 4.49006222042225
-124.900000000003 4.48992025944093
-124.800000000003 4.4886739559952
-124.700000000003 4.48742765254946
-124.600000000003 4.48618134910372
-124.500000000003 4.48493504565799
-124.400000000004 4.48368874221225
-124.300000000004 4.48244243876651
-124.200000000004 4.48119613532078
-124.100000000004 4.47994983187504
-124.000000000004 4.4787035284293
-123.900000000004 4.47745722498357
-123.800000000004 4.47621092153783
-123.700000000004 4.47496461809209
-123.600000000004 4.47371831464636
-123.500000000004 4.47247201120062
-123.400000000004 4.47122570775488
-123.300000000004 4.46997940430914
-123.200000000004 4.46873310086341
-123.100000000004 4.46748679741767
-123.000000000004 4.46624049397193
-122.900000000004 4.4649941905262
-122.800000000004 4.46374788708046
-122.700000000004 4.46250158363472
-122.600000000004 4.46125528018899
-122.500000000004 4.46000897674325
-122.400000000004 4.45876267329751
-122.300000000004 4.45751636985178
-122.200000000004 4.45627006640604
-122.100000000004 4.4550237629603
-122.000000000004 4.45377745951457
-121.900000000004 4.45253115606883
-121.800000000004 4.45128485262309
-121.700000000004 4.45003854917736
-121.600000000004 4.44879224573162
-121.500000000004 4.44754594228588
-121.400000000004 4.44629963884015
-121.300000000004 4.44505333539441
-121.200000000004 4.44380703194867
-121.100000000004 4.44256072850293
-121.000000000004 4.4413144250572
-120.900000000004 4.44006812161146
-120.800000000004 4.43882181816572
-120.700000000004 4.43757551471999
-120.600000000004 4.43632921127425
-120.500000000004 4.43508290782851
-120.400000000004 4.43383660438278
-120.300000000004 4.43259030093704
-120.200000000004 4.4313439974913
-120.100000000004 4.43009769404557
-120.000000000004 4.42885139059983
-119.900000000004 4.42760508715409
-119.800000000004 4.42635878370836
-119.700000000004 4.42511248026262
-119.600000000004 4.42386617681688
-119.500000000004 4.42261987337115
-119.400000000004 4.42137356992541
-119.300000000004 4.42012726647967
-119.200000000004 4.41888096303393
-119.100000000004 4.4176346595882
-119.000000000004 4.41638835614246
-118.900000000004 4.41514205269672
-118.800000000004 4.41389574925099
-118.700000000004 4.41264944580525
-118.600000000004 4.41140314235951
-118.500000000004 4.41015683891378
-118.400000000004 4.40891053546804
-118.300000000004 4.4076642320223
-118.200000000004 4.40641792857657
-118.100000000004 4.40517162513083
-118.000000000004 4.40392532168509
-117.900000000004 4.40267901823936
-117.800000000004 4.40143271479362
-117.700000000004 4.40018641134788
-117.600000000004 4.39894010790215
-117.500000000004 4.39769380445641
-117.400000000004 4.39644750101067
-117.300000000004 4.39520119756494
-117.200000000004 4.3939548941192
-117.100000000004 4.39270859067346
-117.000000000004 4.39146228722772
-116.900000000004 4.39021598378199
-116.800000000004 4.38896968033625
-116.700000000004 4.38772337689051
-116.600000000004 4.38647707344478
-116.500000000004 4.38523076999904
-116.400000000004 4.3839844665533
-116.300000000004 4.38273816310757
-116.200000000004 4.38149185966183
-116.100000000004 4.38024555621609
-116.000000000004 4.38186714992373
-115.900000000004 4.3841924477759
-115.800000000004 4.38651774562806
-115.700000000004 4.38884304348023
-115.600000000004 4.3911683413324
-115.500000000004 4.39349363918457
-115.400000000004 4.39581893703673
-115.300000000004 4.3981442348889
-115.200000000004 4.40046953274107
-115.100000000004 4.40279483059323
-115.000000000004 4.4051201284454
-114.900000000004 4.40744542629757
-114.800000000004 4.40977072414974
-114.700000000004 4.4120960220019
-114.600000000004 4.41442131985407
-114.500000000004 4.41674661770624
-114.400000000004 4.4190719155584
-114.300000000004 4.42139721341057
-114.200000000004 4.42372251126274
-114.100000000004 4.42604780911491
-114.000000000004 4.42837310696707
-113.900000000004 4.43069840481924
-113.800000000004 4.43302370267141
-113.700000000004 4.43534900052357
-113.600000000004 4.43767429837574
-113.500000000004 4.43999959622791
-113.400000000004 4.44232489408008
-113.300000000004 4.44465019193224
-113.200000000004 4.44697548978441
-113.100000000004 4.44930078763658
-113.000000000004 4.45162608548874
-112.900000000004 4.45395138334091
-112.800000000004 4.45627668119308
-112.700000000004 3.51929102994194
-112.600000000004 3.52039539030814
-112.500000000004 3.52149975067435
-112.400000000004 3.52260411104055
-112.300000000004 3.52370847140676
-112.200000000004 3.52481283177297
-112.100000000004 3.52591719213917
-112.000000000004 3.52702155250538
-111.900000000004 3.52812591287158
-111.800000000004 3.52923027323779
-111.700000000004 3.53033463360399
-111.600000000004 3.5314389939702
-111.500000000004 3.53254335433641
-111.400000000004 3.53364771470261
-111.300000000004 3.53475207506882
-111.200000000004 3.53585643543502
-111.100000000004 3.53696079580123
-111.000000000004 3.53806515616743
-110.900000000004 3.53916951653364
-110.800000000004 3.54027387689984
-110.700000000004 3.54137823726605
-110.600000000004 3.54248259763226
-110.500000000004 3.54358695799846
-110.400000000004 3.54056411711641
-110.300000000004 3.53706302798214
-110.200000000004 3.53356193884788
-110.100000000004 3.53006084971362
-110.000000000004 3.52655976057935
-109.900000000004 3.52305867144509
-109.800000000004 3.51955758231083
-109.700000000004 3.51605649317656
-109.600000000004 3.5125554040423
-109.500000000004 3.50905431490804
-109.400000000004 3.50555322577378
-109.300000000004 3.50205213663951
-109.200000000004 3.49855104750525
-109.100000000004 3.49504995837099
-109.000000000004 3.49154886923672
-108.900000000004 3.48804778010246
-108.800000000004 3.4845466909682
-108.700000000004 3.48104560183393
-108.600000000004 3.47754451269967
-108.500000000004 3.47404342356541
-108.400000000004 3.47054233443115
-108.300000000004 3.46704124529688
-108.200000000004 3.46354015616262
-108.100000000004 3.46003906702836
-108.000000000004 3.45653797789409
-107.900000000004 3.45303688875983
-107.800000000004 3.44953579962557
-107.700000000004 3.4460347104913
-107.600000000004 3.44253362135704
-107.500000000004 3.43903253222278
-107.400000000004 3.43553144308851
-107.300000000004 3.43203035395425
-107.200000000004 3.42852926481999
-107.100000000004 3.42502817568573
-107.000000000004 3.42152708655146
-106.900000000004 3.4180259974172
-106.800000000005 3.41452490828294
-106.700000000005 3.41102381914867
-106.600000000005 3.40752273001441
-106.500000000005 3.40402164088015
-106.400000000005 3.40052055174588
-106.300000000005 3.39701946261162
-106.200000000005 3.39351837347736
-106.100000000005 3.3900172843431
-106.000000000005 3.38651619520883
-105.900000000005 3.38301510607457
-105.800000000005 3.37951401694031
-105.700000000005 3.37601292780604
-105.600000000005 3.37251183867178
-105.500000000005 3.36901074953752
-105.400000000005 3.36550966040325
-105.300000000005 3.36200857126899
-105.200000000005 3.35850748213473
-105.100000000005 3.35500639300046
-105.000000000005 3.3515053038662
-104.900000000005 3.34800421473194
-104.800000000005 3.34450312559768
-104.700000000005 3.34100203646341
-104.600000000005 3.33750094732915
-104.500000000005 3.33399985819489
-104.400000000005 3.33049876906062
-104.300000000005 3.32699767992636
-104.200000000005 3.32629933567697
-104.100000000005 3.32906840933445
-104.000000000005 3.33183748299193
-103.900000000005 3.33460655664941
-103.800000000005 3.33737563030689
-103.700000000005 3.34014470396437
-103.600000000005 3.34291377762185
-103.500000000005 3.34568285127933
-103.400000000005 3.34845192493681
-103.300000000005 3.35122099859428
-103.200000000005 3.35399007225176
-103.100000000005 3.35675914590924
-103.000000000005 3.35952821956672
-102.900000000005 3.3622972932242
-102.800000000005 3.36506636688168
-102.700000000005 3.36783544053916
-102.600000000005 3.37060451419664
-102.500000000005 3.37337358785412
-102.400000000005 3.3761426615116
-102.300000000005 3.37891173516907
-102.200000000005 3.38168080882655
-102.100000000005 3.38444988248403
-102.000000000005 3.38721895614151
-101.900000000005 3.38998802979899
-101.800000000005 3.39275710345647
-101.700000000005 3.39552617711395
-101.600000000005 3.39829525077143
-101.500000000005 3.40106432442891
-101.400000000005 3.40383339808639
-101.300000000005 3.40660247174386
-101.200000000005 3.40937154540134
-101.100000000005 3.41214061905882
-101.000000000005 3.4149096927163
-100.900000000005 3.41767876637378
-100.800000000005 3.42044784003126
-100.700000000005 3.42321691368874
-100.600000000005 3.42598598734622
-100.500000000005 3.4287550610037
-100.400000000005 3.43152413466118
-100.300000000005 3.43429320831866
-100.200000000005 3.43706228197613
-100.100000000005 3.43983135563361
-100.000000000005 3.44260042929109
-99.9000000000049 3.44536950294857
-99.8000000000049 3.44813857660605
-99.7000000000049 3.45090765026353
-99.6000000000049 3.45367672392101
-99.5000000000049 3.45644579757849
-99.4000000000049 3.45921487123597
-99.3000000000049 3.46198394489345
-99.2000000000049 3.46475301855092
-99.1000000000049 3.4675220922084
-99.0000000000049 3.47029116586588
-98.900000000005 3.47306023952336
-98.800000000005 3.47582931318084
-98.700000000005 3.47859838683832
-98.600000000005 3.4813674604958
-98.500000000005 3.48413653415328
-98.400000000005 3.48690560781076
-98.300000000005 3.48967468146824
-98.200000000005 3.49244375512572
-98.100000000005 3.49521282878319
-98.000000000005 3.49798190244067
-97.900000000005 3.50075097609815
-97.800000000005 3.50352004975563
-97.700000000005 3.50628912341311
-97.600000000005 3.50905819707059
-97.500000000005 3.26805292337389
-97.400000000005 3.27036990077028
-97.300000000005 3.27268687816666
-97.200000000005 3.27500385556305
-97.1000000000051 3.27732083295944
-97.0000000000051 3.27963781035582
-96.9000000000051 3.28195478775221
-96.8000000000051 3.28427176514859
-96.7000000000051 3.28658874254498
-96.6000000000051 3.28890571994136
-96.5000000000051 3.29122269733775
-96.4000000000051 3.29353967473414
-96.3000000000051 3.29585665213052
-96.2000000000051 3.29817362952691
-96.1000000000051 3.3004906069233
-96.0000000000051 3.30280758431968
-95.9000000000051 3.30512456171607
-95.8000000000051 3.30744153911245
-95.7000000000051 3.30975851650884
-95.6000000000051 3.31207549390522
-95.5000000000051 3.31464742851222
-95.4000000000052 3.31738194745926
-95.3000000000052 3.32011646640629
-95.2000000000052 3.32184889379756
-95.1000000000052 3.32068309831815
-95.0000000000052 3.31951730283873
-94.9000000000052 3.31835150735932
-94.8000000000052 3.31718571187991
-94.7000000000052 3.3160199164005
-94.6000000000052 3.31485412092108
-94.5000000000052 3.31368832544167
-94.4000000000052 3.31252252996226
-94.3000000000052 3.31135673448284
-94.2000000000052 3.31019093900343
-94.1000000000052 3.30902514352402
-94.0000000000052 3.30785934804461
-93.9000000000052 3.30669355256519
-93.8000000000052 3.30552775708578
-93.7000000000052 3.30436196160637
-93.6000000000053 3.30319616612695
-93.5000000000053 3.30203037064754
-93.4000000000053 3.30086457516813
-93.3000000000053 3.29969877968872
-93.2000000000053 3.29996573662795
-93.1000000000053 3.30229607122563
-93.0000000000053 3.30462640582331
-92.9000000000053 3.30695674042099
-92.8000000000053 3.30928707501868
-92.7000000000053 3.31161740961636
-92.6000000000053 3.31394774421404
-92.5000000000053 3.31627807881172
-92.4000000000053 3.3186084134094
-92.3000000000053 3.32093874800708
-92.2000000000053 3.32326908260476
-92.1000000000053 3.32559941720244
-92.0000000000053 3.32792975180013
-91.9000000000053 3.33026008639781
-91.8000000000054 3.33259042099549
-91.7000000000054 3.33492075559317
-91.6000000000054 3.33725109019085
-91.5000000000054 3.33958142478853
-91.4000000000054 3.34191175938621
-91.3000000000054 3.34424209398389
-91.2000000000054 3.34657242858158
-91.1000000000054 3.34890276317926
-91.0000000000054 3.35123309777694
-90.9000000000054 3.35356343237462
-90.8000000000054 3.3558937669723
-90.7000000000054 3.35822410156998
-90.6000000000054 3.36055443616766
-90.5000000000054 3.36288477076534
-90.4000000000054 3.36521510536303
-90.3000000000054 3.36754543996071
-90.2000000000054 3.36987577455839
-90.1000000000055 3.37220610915607
-90.0000000000055 3.37453644375375
-89.9000000000055 3.37686677835143
-89.8000000000055 3.37919711294911
-89.7000000000055 3.38152744754679
-89.6000000000055 3.38385778214448
-89.5000000000055 3.38618811674216
-89.4000000000055 3.38851845133984
-89.3000000000055 3.39084878593752
-89.2000000000055 3.3931791205352
-89.1000000000055 3.39550945513288
-89.0000000000055 3.39783978973056
-88.9000000000055 3.40017012432824
-88.8000000000055 3.40250045892593
-88.7000000000055 3.40483079352361
-88.6000000000055 3.40716112812129
-88.5000000000055 3.40949146271897
-88.4000000000055 3.41182179731665
-88.3000000000056 3.41385694744143
-88.2000000000056 3.41531925547449
-88.1000000000056 3.41678156350756
-88.0000000000056 3.41824387154062
-87.9000000000056 3.41970617957369
-87.8000000000056 3.42116848760675
-87.7000000000056 3.42263079563981
-87.6000000000056 3.42363872222107
-87.5000000000056 3.42163320680055
-87.4000000000056 3.41962769138003
-87.3000000000056 3.41762217595951
-87.2000000000056 3.41561666053899
-87.1000000000056 3.41361114511847
-87.0000000000056 3.41160562969795
-86.9000000000056 3.40960011427743
-86.8000000000056 3.40759459885692
-86.7000000000056 3.4055890834364
-86.6000000000057 3.40358356801588
-86.5000000000057 3.40157805259536
-86.4000000000057 3.39957253717484
-86.3000000000057 3.39756702175432
-86.2000000000057 3.3955615063338
-86.1000000000057 3.39355599091328
-86.0000000000057 3.39155047549276
-85.9000000000057 3.38954496007224
-85.8000000000057 3.38753944465172
-85.7000000000057 3.3855339292312
-85.6000000000057 3.38352841381068
-85.5000000000057 3.38152289839016
-85.4000000000057 3.37951738296964
-85.3000000000057 3.37751186754912
-85.2000000000057 3.3755063521286
-85.1000000000057 3.37350083670808
-85.0000000000057 3.37149532128756
-84.9000000000057 3.36948980586704
-84.8000000000058 3.36748429044652
-84.7000000000058 3.365478775026
-84.6000000000058 3.36347325960548
-84.5000000000058 3.36146774418496
-84.4000000000058 3.35946222876444
-84.3000000000058 3.35745671334392
-84.2000000000058 3.3554511979234
-84.1000000000058 3.35344568250288
-84.0000000000058 3.35144016708236
-83.9000000000058 3.34943465166184
-83.8000000000058 3.34742913624132
-83.7000000000058 3.3454236208208
-83.6000000000058 3.34341810540028
-83.5000000000058 3.34141258997976
-83.4000000000058 3.33940707455924
-83.3000000000058 3.33740155913872
-83.2000000000058 3.3353960437182
-83.1000000000058 3.33339052829768
-83.0000000000059 3.33138501287716
-82.9000000000059 3.32937949745664
-82.8000000000059 3.32737398203612
-82.7000000000059 3.3253684666156
-82.6000000000059 3.32336295119509
-82.5000000000059 3.32135743577457
-82.4000000000059 3.31935192035405
-82.3000000000059 3.31734640493353
-82.2000000000059 3.31534088951301
-82.1000000000059 3.31333537409249
-82.0000000000059 3.31132985867197
-81.9000000000059 3.30932434325145
-81.8000000000059 3.30731882783093
-81.7000000000059 3.30531331241041
-81.6000000000059 3.30330779698989
-81.5000000000059 3.30130228156937
-81.4000000000059 3.29929676614885
-81.300000000006 3.29729125072833
-81.200000000006 3.29528573530781
-81.100000000006 3.29328021988729
-81.000000000006 3.29127470446677
-80.900000000006 3.28926918904625
-80.800000000006 3.28726367362573
-80.700000000006 3.28525815820521
-80.600000000006 3.28325264278469
-80.500000000006 3.28124712736417
-80.400000000006 3.27924161194365
-80.300000000006 3.27723609652313
-80.200000000006 3.27523058110261
-80.100000000006 3.27322506568209
-80.000000000006 3.27121955026157
-79.900000000006 3.26921403484105
-79.800000000006 3.26720851942053
-79.700000000006 3.26520300400001
-79.600000000006 3.26319748857949
-79.5000000000061 3.26445114359264
-79.4000000000061 3.26777399380497
-79.3000000000061 3.2710968440173
-79.2000000000061 3.27441969422964
-79.1000000000061 3.27774254444197
-79.0000000000061 3.2810653946543
-78.9000000000061 3.28438824486663
-78.8000000000061 3.28771109507897
-78.7000000000061 3.2910339452913
-78.6000000000061 3.29435679550363
-78.5000000000061 3.29767964571597
-78.4000000000061 3.3010024959283
-78.3000000000061 3.30432534614063
-78.2000000000061 3.30764819635296
-78.1000000000061 3.3109710465653
-78.0000000000061 3.31429389677763
-77.9000000000061 3.31817430524999
-77.8000000000062 3.32248988200653
-77.7000000000062 3.32680545876307
-77.6000000000062 3.33112103551961
-77.5000000000062 3.33543661227614
-77.4000000000062 3.33975218903268
-77.3000000000062 3.34406776578922
-77.2000000000062 3.34838334254576
-77.1000000000062 3.3526989193023
-77.0000000000062 3.35701449605884
-76.9000000000062 3.36133007281538
-76.8000000000062 3.36564564957192
-76.7000000000062 3.36996122632845
-76.6000000000062 3.37427680308499
-76.5000000000062 3.37859237984153
-76.4000000000062 3.38290795659807
-76.3000000000062 3.38722353335461
-76.2000000000062 3.39153911011115
-76.1000000000062 3.39585468686769
-76.0000000000063 3.40017026362423
-75.9000000000063 3.40448584038077
-75.8000000000063 3.4088014171373
-75.7000000000063 3.41311699389384
-75.6000000000063 3.41743257065038
-75.5000000000063 3.42174814740692
-75.4000000000063 3.42606372416346
-75.3000000000063 3.43037930092
-75.2000000000063 3.43469487767654
-75.1000000000063 3.43901045443308
-75.0000000000063 3.44332603118962
-74.9000000000063 3.44764160794615
-74.8000000000063 3.45195718470269
-74.7000000000063 3.45627276145923
-74.6000000000063 3.46058833821577
-74.5000000000063 3.46490391497231
-74.4000000000063 3.46921949172885
-74.3000000000063 3.47353506848539
-74.2000000000064 3.47785064524193
-74.1000000000064 3.48216622199846
-74.0000000000064 3.486481798755
-73.9000000000064 3.49079737551154
-73.8000000000064 3.49511295226808
-73.7000000000064 3.49942852902462
-73.6000000000064 3.50374410578116
-73.5000000000064 3.5080596825377
-73.4000000000064 3.51237525929424
-73.3000000000064 3.51354972552105
-73.2000000000064 3.51372605880149
-73.1000000000064 3.51390239208194
-73.0000000000064 3.51407872536239
-72.9000000000064 3.51425505864283
-72.8000000000064 3.51443139192328
-72.7000000000064 3.51460772520372
-72.6000000000064 3.51478405848417
-72.5000000000065 3.51496039176462
-72.4000000000065 3.51513672504506
-72.3000000000065 3.51636799774757
-72.2000000000065 3.51778582013518
-72.1000000000065 3.51920364252278
-72.0000000000065 3.52062146491038
-71.9000000000065 3.52203928729799
-71.8000000000065 3.52345710968559
-71.7000000000065 3.52487493207319
-71.6000000000065 3.52629275446079
-71.5000000000065 3.5277105768484
-71.4000000000065 3.529128399236
-71.3000000000065 3.5305462216236
-71.2000000000065 3.53196404401121
-71.1000000000065 3.53338186639881
-71.0000000000065 3.53479968878641
-70.9000000000065 3.53621751117402
-70.8000000000065 3.53763533356162
-70.7000000000066 3.53905315594922
-70.6000000000066 3.54047097833683
-70.5000000000066 3.54188880072443
-70.4000000000066 3.54330662311203
-70.3000000000066 3.54472444549964
-70.2000000000066 3.54614226788724
-70.1000000000066 3.54756009027484
-70.0000000000066 3.54897791266245
-69.9000000000066 3.55039573505005
-69.8000000000066 3.55181355743765
-69.7000000000066 3.55323137982526
-69.6000000000066 3.55464920221286
-69.5000000000066 3.55606702460046
-69.4000000000066 3.55748484698807
-69.3000000000066 3.55890266937567
-69.2000000000066 3.56032049176327
-69.1000000000066 3.56173831415088
-69.0000000000067 3.56315613653848
-68.9000000000067 3.56457395892608
-68.8000000000067 3.56599178131369
-68.7000000000067 3.56740960370129
-68.6000000000067 3.56882742608889
-68.5000000000067 3.5702452484765
-68.4000000000067 3.5716630708641
-68.3000000000067 3.5730808932517
-68.2000000000067 3.57449871563931
-68.1000000000067 3.57591653802691
-68.0000000000067 3.57733436041451
-67.9000000000067 3.57875218280212
-67.8000000000067 3.58017000518972
-67.7000000000067 3.58158782757732
-67.6000000000067 3.58300564996493
-67.5000000000067 3.58442347235253
-67.4000000000067 3.58584129474013
-67.3000000000067 3.58725911712774
-67.2000000000068 3.58867693951534
-67.1000000000068 3.59009476190294
-67.0000000000068 3.59151258429055
-66.9000000000068 3.59293040667815
-66.8000000000068 3.59434822906575
-66.7000000000068 3.59576605145336
-66.6000000000068 3.59718387384096
-66.5000000000068 3.59860169622856
-66.4000000000068 3.60001951861617
-66.3000000000068 3.60143734100377
-66.2000000000068 3.60285516339137
-66.1000000000068 3.60427298577897
-66.0000000000068 3.60569080816658
-65.9000000000068 3.60710863055418
-65.8000000000068 3.60852645294178
-65.7000000000068 3.60994427532939
-65.6000000000068 3.61136209771699
-65.5000000000068 3.61277992010459
-65.4000000000069 3.6141977424922
-65.3000000000069 3.6156155648798
-65.2000000000069 3.6170333872674
-65.1000000000069 3.61845120965501
-65.0000000000069 3.61986903204261
-64.9000000000069 3.62128685443021
-64.8000000000069 3.62270467681782
-64.7000000000069 3.62412249920542
-64.6000000000069 3.62554032159302
-64.5000000000069 3.62695814398063
-64.4000000000069 3.62837596636823
-64.3000000000069 3.62979378875583
-64.2000000000069 3.63121161114344
-64.1000000000069 3.63262943353104
-64.0000000000069 3.63404725591864
-63.9000000000069 3.63546507830625
-63.8000000000069 3.63688290069385
-63.7000000000069 3.63830072308145
-63.6000000000069 3.63971854546906
-63.5000000000069 3.64113636785666
-63.4000000000069 3.64255419024426
-63.3000000000069 3.64468644738544
-63.2000000000069 3.64751785022138
-63.1000000000069 3.65034925305732
-63.0000000000069 3.65318065589325
-62.9000000000069 3.65601205872919
-62.8000000000069 3.65884346156512
-62.7000000000069 3.66167486440106
-62.6000000000069 3.664506267237
-62.5000000000069 3.66733767007293
-62.4000000000069 3.67016907290887
-62.3000000000069 3.6730004757448
-62.2000000000069 3.67583187858074
-62.1000000000069 3.67866328141668
-62.0000000000069 3.68149468425261
-61.9000000000069 3.68432608708855
-61.8000000000069 3.68715748992448
-61.7000000000069 3.68998889276042
-61.6000000000069 3.69282029559636
-61.5000000000069 3.69565169843229
-61.4000000000069 3.69848310126823
-61.3000000000069 3.70121929437018
-61.2000000000069 3.70374978532097
-61.1000000000069 3.70628027627175
-61.0000000000069 3.70881076722254
-60.9000000000069 3.71134125817333
-60.8000000000069 3.71387174912411
-60.7000000000069 3.7164022400749
-60.6000000000069 3.71893273102568
-60.5000000000069 3.72146322197647
-60.4000000000069 3.72399371292725
-60.3000000000069 3.72652420387804
-60.2000000000069 3.72905469482883
-60.1000000000069 3.73158518577961
-60.0000000000069 3.7341156767304
-59.9000000000069 3.73664616768118
-59.8000000000069 3.73917665863197
-59.7000000000069 3.74170714958275
-59.6000000000069 3.74423764053354
-59.5000000000069 3.74676813148433
-59.4000000000069 3.74929862243511
-59.3000000000069 3.7518291133859
-59.2000000000069 3.75435960433668
-59.1000000000069 3.75689009528747
-59.0000000000069 3.75942058623826
-58.9000000000069 3.76195107718904
-58.8000000000069 3.76448156813983
-58.7000000000069 3.76701205909061
-58.6000000000069 3.7695425500414
-58.5000000000069 3.77207304099218
-58.4000000000069 3.77460353194297
-58.3000000000069 3.77713402289376
-58.2000000000069 3.77966451384454
-58.1000000000069 3.78219500479533
-58.0000000000068 3.78472549574611
-57.9000000000068 3.7872559866969
-57.8000000000068 3.78978647764768
-57.7000000000068 3.79272747059974
-57.6000000000068 3.79575695425104
-57.5000000000068 3.59164157002822
-57.4000000000068 3.59457596338711
-57.3000000000068 3.597510356746
-57.2000000000068 3.6004447501049
-57.1000000000068 3.60337914346379
-57.0000000000068 3.60631353682268
-56.9000000000068 3.60924793018157
-56.8000000000068 3.61218232354046
-56.7000000000068 3.61511671689935
-56.6000000000068 3.61805111025825
-56.5000000000068 3.62098550361714
-56.4000000000068 3.62391989697603
-56.3000000000068 3.62685429033492
-56.2000000000068 3.62978868369381
-56.1000000000068 3.6327230770527
-56.0000000000068 3.6356574704116
-55.9000000000068 3.63859186377049
-55.8000000000068 3.64152625712938
-55.7000000000068 3.64446065048827
-55.6000000000068 3.64739504384716
-55.5000000000068 3.65032943720605
-55.4000000000068 3.65326383056494
-55.3000000000068 3.65619822392384
-55.2000000000068 3.65913261728273
-55.1000000000068 3.66206701064162
-55.0000000000068 3.66500140400051
-54.9000000000068 3.6679357973594
-54.8000000000068 3.67087019071829
-54.7000000000068 3.67380458407719
-54.6000000000068 3.67673897743608
-54.5000000000068 3.67967337079497
-54.4000000000068 3.68260776415386
-54.3000000000068 3.68554215751275
-54.2000000000068 3.68847655087164
-54.1000000000068 3.69141094423054
-54.0000000000068 3.69434533758943
-53.9000000000068 3.69727973094832
-53.8000000000068 3.70021412430721
-53.7000000000068 3.7031485176661
-53.6000000000068 3.70608291102499
-53.5000000000068 3.70901730438388
-53.4000000000068 3.71195169774278
-53.3000000000068 3.71488609110167
-53.2000000000068 3.71782048446056
-53.1000000000068 3.72075487781945
-53.0000000000068 3.72368927117834
-52.9000000000068 3.72662366453723
-52.8000000000068 3.72955805789613
-52.7000000000068 3.73266750086035
-52.6000000000068 3.73599102646542
-52.5000000000068 3.7393145520705
-52.4000000000068 3.74263807767558
-52.3000000000068 3.74596160328066
-52.2000000000068 3.74928512888573
-52.1000000000068 3.75260865449081
-52.0000000000068 3.75593218009589
-51.9000000000068 3.75925570570097
-51.8000000000068 3.76257923130605
-51.7000000000068 3.76590275691112
-51.6000000000068 3.7692262825162
-51.5000000000068 3.77254980812128
-51.4000000000068 3.77551097020587
-51.3000000000068 3.77830220944374
-51.2000000000068 3.7810934486816
-51.1000000000068 3.78388468791947
-51.0000000000068 3.78667592715733
-50.9000000000067 3.7894671663952
-50.8000000000067 3.79225840563306
-50.7000000000067 3.79504964487093
-50.6000000000067 3.79784088410879
-50.5000000000067 3.80063212334665
-50.4000000000067 3.80342336258452
-50.3000000000067 3.80621460182238
-50.2000000000067 3.80900584106025
-50.1000000000067 3.81179708029811
-50.0000000000067 3.81458831953598
-49.9000000000067 3.81737955877384
-49.8000000000067 3.82017079801171
-49.7000000000067 3.82296203724957
-49.6000000000067 3.82575327648744
-49.5000000000067 3.8285445157253
-49.4000000000067 3.83133575496317
-49.3000000000067 3.83412699420103
-49.2000000000067 3.83691823343889
-49.1000000000067 3.83970947267676
-49.0000000000067 3.84250071191462
-48.9000000000067 3.84529195115249
-48.8000000000067 3.84808319039035
-48.7000000000067 3.85087442962822
-48.6000000000067 3.85366566886608
-48.5000000000067 3.85645690810395
-48.4000000000067 3.85924814734181
-48.3000000000067 3.86203938657968
-48.2000000000067 3.86483062581754
-48.1000000000067 3.8676218650554
-48.0000000000067 3.87041310429327
-47.9000000000067 3.87320434353113
-47.8000000000067 3.875995582769
-47.7000000000067 3.87878682200686
-47.6000000000067 3.88157806124473
-47.5000000000067 3.88436930048259
-47.4000000000067 3.88716053972046
-47.3000000000067 3.88995177895832
-47.2000000000067 3.89274301819619
-47.1000000000067 3.89553425743405
-47.0000000000067 3.89832549667191
-46.9000000000067 3.90111673590978
-46.8000000000067 3.90390797514764
-46.7000000000067 3.90669921438551
-46.6000000000067 3.90949045362337
-46.5000000000067 3.91228169286124
-46.4000000000067 3.9150729320991
-46.3000000000067 3.91786417133697
-46.2000000000067 3.92065541057483
-46.1000000000067 3.9234466498127
-46.0000000000067 3.92623788905056
-45.9000000000067 3.92902912828842
-45.8000000000067 3.93182036752629
-45.7000000000067 3.93461160676415
-45.6000000000067 3.93740284600202
-45.5000000000067 3.94019408523988
-45.4000000000067 3.94298532447775
-45.3000000000067 3.94577656371561
-45.2000000000067 3.94856780295348
-45.1000000000067 3.95135904219134
-45.0000000000067 3.95415028142921
-44.9000000000067 3.95694152066707
-44.8000000000067 3.95973275990494
-44.7000000000067 3.9625239991428
-44.6000000000067 3.96531523838066
-44.5000000000067 3.96810647761853
-44.4000000000067 3.97089771685639
-44.3000000000067 3.97368895609426
-44.2000000000067 3.97648019533212
-44.1000000000067 3.97927143456999
-44.0000000000067 3.98206267380785
-43.9000000000066 3.98485391304572
-43.8000000000066 3.98764515228358
-43.7000000000066 3.99043639152145
-43.6000000000066 3.99322763075931
-43.5000000000066 3.99601886999717
-43.4000000000066 3.99881010923504
-43.3000000000066 4.0016013484729
-43.2000000000066 4.00439258771077
-43.1000000000066 4.00718382694863
-43.0000000000066 4.0099750661865
-42.9000000000066 4.01276630542436
-42.8000000000066 4.01555754466223
-42.7000000000066 4.01834878390009
-42.6000000000066 4.02114002313796
-42.5000000000066 4.02393126237582
-42.4000000000066 4.02672250161368
-42.3000000000066 4.02951374085155
-42.2000000000066 4.03230498008941
-42.1000000000066 4.03509621932728
-42.0000000000066 4.03788745856514
-41.9000000000066 4.04067869780301
-41.8000000000066 4.04346993704087
-41.7000000000066 4.04626117627874
-41.6000000000066 4.04667734517419
-41.5000000000066 4.04687453741751
-41.4000000000066 4.04707172966083
-41.3000000000066 4.04726892190415
-41.2000000000066 4.04746611414747
-41.1000000000066 4.04766330639079
-41.0000000000066 4.04786049863411
-40.9000000000066 4.04805769087743
-40.8000000000066 4.04825488312075
-40.7000000000066 4.04845207536407
-40.6000000000066 4.04864926760739
-40.5000000000066 4.04884645985071
-40.4000000000066 4.04904365209403
-40.3000000000066 4.04924084433735
-40.2000000000066 4.04943803658067
-40.1000000000066 4.04963522882399
-40.0000000000066 4.04983242106731
-39.9000000000066 4.05025709202955
-39.8000000000066 4.05123585929414
-39.7000000000066 4.05221462655872
-39.6000000000066 4.05319339382331
-39.5000000000066 4.0541721610879
-39.4000000000066 4.05515092835248
-39.3000000000066 4.05612969561707
-39.2000000000066 4.05756306445824
-39.1000000000066 4.05940728733013
-39.0000000000066 4.06125151020202
-38.9000000000066 4.06309573307391
-38.8000000000066 4.06474201548233
-38.7000000000066 4.06636989582663
-38.6000000000066 4.06799777617092
-38.5000000000066 4.06962565651522
-38.4000000000066 4.07125353685952
-38.3000000000066 4.07288141720381
-38.2000000000066 4.07450929754811
-38.1000000000066 4.07613717789241
-38.0000000000066 4.0777650582367
-37.9000000000066 4.079392938581
-37.8000000000066 4.0810208189253
-37.7000000000066 4.08264869926959
-37.6000000000066 4.08427657961389
-37.5000000000066 4.08590445995819
-37.4000000000066 4.09123071446512
-37.3000000000066 4.09807840231405
-37.2000000000066 4.10492609016299
-37.1000000000066 4.11177377801192
-37.0000000000066 4.11862146586086
-36.9000000000065 4.12546915370979
-36.8000000000065 4.13231684155873
-36.7000000000065 4.13916452940767
-36.6000000000065 4.1460122172566
-36.5000000000065 4.15285990510553
-36.4000000000065 4.15970759295447
-36.3000000000065 4.16655528080341
-36.2000000000065 4.17340296865234
-36.1000000000065 4.18025065650128
-36.0000000000065 4.18709834435021
-35.9000000000065 4.19394603219915
-35.8000000000065 4.20079372004808
-35.7000000000065 4.20764140789702
-35.6000000000065 4.21448909574595
-35.5000000000065 4.22133678359489
-35.4000000000065 4.22818447144382
-35.3000000000065 4.23503215929276
-35.2000000000065 4.24187984714169
-35.1000000000065 4.24872753499063
-35.0000000000065 4.25557522283956
-34.9000000000065 4.2624229106885
-34.8000000000065 4.26927059853743
-34.7000000000065 4.27611828638637
-34.6000000000065 4.2829659742353
-34.5000000000065 4.28981366208424
-34.4000000000065 4.29666134993317
-34.3000000000065 4.30350903778211
-34.2000000000065 4.31035672563104
-34.1000000000065 4.31720441347998
-34.0000000000065 4.32405210132892
-33.9000000000065 4.33089978917785
-33.8000000000065 4.33774747702679
-33.7000000000065 4.34459516487572
-33.6000000000065 4.35144285272466
-33.5000000000065 4.35829054057359
-33.4000000000065 4.36513822842253
-33.3000000000065 4.37198591627146
-33.2000000000065 4.3788336041204
-33.1000000000065 4.38568129196933
-33.0000000000065 4.39252897981827
-32.9000000000065 4.3993766676672
-32.8000000000065 4.40622435551614
-32.7000000000065 4.41307204336507
-32.6000000000065 4.41991973121401
-32.5000000000065 4.42676741906294
-32.4000000000065 4.43291360967974
-32.3000000000065 4.43837354504325
-32.2000000000065 4.44383348040676
-32.1000000000065 4.44929341577027
-32.0000000000065 4.45475335113378
-31.9000000000065 4.46021328649728
-31.8000000000065 4.46567322186079
-31.7000000000065 4.4711331572243
-31.6000000000065 4.47659309258781
-31.5000000000065 4.48205302795132
-31.4000000000065 4.48751296331483
-31.3000000000065 4.49297289867834
-31.2000000000065 4.49843283404185
-31.1000000000065 4.39883855132545
-31.0000000000065 4.40276245856204
-30.9000000000065 4.40668636579863
-30.8000000000065 4.41061027303522
-30.7000000000065 4.41453418027182
-30.6000000000065 4.41845808750841
-30.5000000000065 4.422381994745
-30.4000000000065 4.42630590198159
-30.3000000000065 4.43022980921819
-30.2000000000065 4.43415371645478
-30.1000000000065 4.43807762369137
-30.0000000000065 4.44200153092796
-29.9000000000065 4.44592543816456
-29.8000000000064 4.44984934540115
-29.7000000000064 4.45377325263774
-29.6000000000064 4.45769715987433
-29.5000000000064 4.46162106711092
-29.4000000000064 4.46554497434752
-29.3000000000064 4.46946888158411
-29.2000000000064 4.4733927888207
-29.1000000000064 4.47731669605729
-29.0000000000064 4.48124060329389
-28.9000000000064 4.48516451053048
-28.8000000000064 4.48908841776707
-28.7000000000064 4.49301232500366
-28.6000000000064 4.49693623224026
-28.5000000000064 4.50086013947685
-28.4000000000064 4.50478404671344
-28.3000000000064 4.50870795395003
-28.2000000000064 4.51263186118662
-28.1000000000064 4.51655576842322
-28.0000000000064 4.52047967565981
-27.9000000000064 4.5244035828964
-27.8000000000064 4.52832749013299
-27.7000000000064 4.53225139736959
-27.6000000000064 4.53617530460618
-27.5000000000064 4.5397313852107
-27.4000000000064 4.54323611772057
-27.3000000000064 4.54674085023043
-27.2000000000064 4.5502455827403
-27.1000000000064 4.55375031525017
-27.0000000000064 4.55725504776004
-26.9000000000064 4.56075978026991
-26.8000000000064 4.56426451277978
-26.7000000000064 4.56776924528965
-26.6000000000064 4.57127397779951
-26.5000000000064 4.57477871030938
-26.4000000000064 4.57828344281925
-26.3000000000064 4.58178817532912
-26.2000000000064 4.58529290783899
-26.1000000000064 4.58879764034886
-26.0000000000064 4.59230237285873
-25.9000000000064 4.59580710536859
-25.8000000000064 4.59931183787846
-25.7000000000064 4.60281657038833
-25.6000000000064 4.6063213028982
-25.5000000000064 4.60982603540807
-25.4000000000064 4.61333076791794
-25.3000000000064 4.61683550042781
-25.2000000000064 4.62034023293767
-25.1000000000064 4.62384496544754
-25.0000000000064 4.62734969795741
-24.9000000000064 4.63085443046728
-24.8000000000064 4.63435916297715
-24.7000000000064 4.63786389548702
-24.6000000000064 4.64136862799689
-24.5000000000064 4.64487336050675
-24.4000000000064 4.64837809301662
-24.3000000000064 4.65188282552649
-24.2000000000064 4.65538755803636
-24.1000000000064 4.65889229054623
-24.0000000000064 4.6623970230561
-23.9000000000064 4.66766290694713
-23.8000000000064 4.674338603659
-23.7000000000064 4.68101430037088
-23.6000000000064 4.68766620302152
-23.5000000000064 4.69411699171703
-23.4000000000064 4.70056778041254
-23.3000000000064 4.70701856910805
-23.2000000000064 4.71346935780356
-23.1000000000064 4.71992014649907
-23.0000000000064 4.72637093519458
-22.9000000000064 4.73282172389009
-22.8000000000063 4.73927251258561
-22.7000000000063 4.74572330128112
-22.6000000000063 4.75217408997663
-22.5000000000063 4.75862487867214
-22.4000000000063 4.76507566736765
-22.3000000000063 4.77152645606316
-22.2000000000063 4.77797724475867
-22.1000000000063 4.78442803345419
-22.0000000000063 4.7908788221497
-21.9000000000063 4.79732961084521
-21.8000000000063 4.80378039954072
-21.7000000000063 4.81023118823623
-21.6000000000063 4.81668197693174
-21.5000000000063 4.82313276562725
-21.4000000000063 4.82958355432276
-21.3000000000063 4.83603434301828
-21.2000000000063 4.84248513171379
-21.1000000000063 4.8489359204093
-21.0000000000063 4.85538670910481
-20.9000000000063 4.86183749780032
-20.8000000000063 4.86828828649583
-20.7000000000063 4.87473907519134
-20.6000000000063 4.88118986388685
-20.5000000000063 4.88764065258237
-20.4000000000063 4.89409144127788
-20.3000000000063 4.90054222997339
-20.2000000000063 4.9069930186689
-20.1000000000063 4.91344380736441
-20.0000000000063 4.91989459605992
-19.9000000000063 4.92634538475543
-19.8000000000063 4.74122574112077
-19.7000000000063 4.74718364819404
-19.6000000000063 4.75296964960812
-19.5000000000063 4.75861068213369
-19.4000000000063 4.76425171465925
-19.3000000000063 4.76989274718482
-19.2000000000063 4.77553377971039
-19.1000000000063 4.78117481223596
-19.0000000000063 4.78681584476153
-18.9000000000063 4.79245687728709
-18.8000000000063 4.79809790981266
-18.7000000000063 4.80373894233823
-18.6000000000063 4.8093799748638
-18.5000000000063 4.81502100738937
-18.4000000000063 4.82066203991493
-18.3000000000063 4.82571148463157
-18.2000000000063 4.83062657237872
-18.1000000000063 4.83554166012587
-18.0000000000063 4.84045674787302
-17.9000000000063 4.84537183562017
-17.8000000000063 4.85028692336732
-17.7000000000063 4.85520201111447
-17.6000000000063 4.86011709886162
-17.5000000000063 4.86503218660877
-17.4000000000063 4.86994727435593
-17.3000000000063 4.87486236210308
-17.2000000000063 4.87977744985023
-17.1000000000063 4.88469253759738
-17.0000000000063 4.88960762534453
-16.9000000000063 4.89452271309168
-16.8000000000063 4.89943780083883
-16.7000000000063 4.90435288858598
-16.6000000000063 4.90926797633313
-16.5000000000063 4.91418306408028
-16.4000000000063 4.91909815182743
-16.3000000000063 4.92401323957459
-16.2000000000063 4.81479570913292
-16.1000000000063 4.81900864148762
-16.0000000000063 4.82322157384232
-15.9000000000063 4.82743450619702
-15.8000000000063 4.83164743855172
-15.7000000000063 4.83586037090642
-15.6000000000063 4.84007330326112
-15.5000000000063 4.84428623561582
-15.4000000000063 4.84849916797052
-15.3000000000063 4.85271210032522
-15.2000000000063 4.85692503267992
-15.1000000000063 4.86113796503462
-15.0000000000063 4.86535089738933
-14.9000000000063 4.86956382974403
-14.8000000000063 4.87377676209873
-14.7000000000063 4.87798969445343
-14.6000000000063 4.88220262680813
-14.5000000000063 4.88641555916283
-14.4000000000063 4.89062849151753
-14.3000000000063 4.89484142387223
-14.2000000000063 4.89905435622693
-14.1000000000063 4.90326728858163
-14.0000000000063 4.90748022093633
-13.9000000000063 4.91169315329103
-13.8000000000063 4.91590608564574
-13.7000000000063 4.92011901800044
-13.6000000000063 4.92433195035514
-13.5000000000063 4.92854488270984
-13.4000000000063 4.93275781506454
-13.3000000000063 4.93697074741924
-13.2000000000063 4.94118367977394
-13.1000000000063 4.94539661212864
-13.0000000000063 4.94960954448334
-12.9000000000063 4.95394216136172
-12.8000000000063 4.95882988126324
-12.7000000000063 4.96407561062926
-12.6000000000063 4.96984909581334
-12.5000000000063 4.97562258099743
-12.4000000000063 4.98139606618152
-12.3000000000063 4.9871695513656
-12.2000000000063 4.99294303654969
-12.1000000000063 4.99871652173377
-12.0000000000063 5.00449000691786
-11.9000000000063 4.42437492303815
-11.8000000000063 4.42919660224927
-11.7000000000063 4.43401828146038
-11.6000000000063 4.4388399606715
-11.5000000000063 4.44366163988262
-11.4000000000063 4.44848331909374
-11.3000000000063 4.45330499830485
-11.2000000000063 4.45812667751597
-11.1000000000063 4.46294835672709
-11.0000000000063 4.46777003593821
-10.9000000000063 4.47259171514932
-10.8000000000063 4.47741339436044
-10.7000000000063 4.48235841629763
-10.6000000000063 4.48744420183165
-10.5000000000063 4.49252998736567
-10.4000000000063 4.49761577289969
-10.3000000000063 4.50270155843371
-10.2000000000063 4.50778734396773
-10.1000000000063 4.51286438772828
-10.0000000000063 4.51794055715657
-9.90000000000627 4.52301672658487
-9.80000000000627 4.52809289601316
-9.70000000000628 4.53316906544145
-9.60000000000628 4.53824523486974
-9.50000000000628 4.54367577122526
-9.40000000000628 4.5495711789389
-9.30000000000628 4.55546658665254
-9.20000000000628 4.56136199436617
-9.10000000000628 4.56725740207981
-9.00000000000628 4.57315280979345
-8.90000000000628 4.57904821750708
-8.80000000000628 4.58644195492478
-8.70000000000628 4.39960124771605
-8.60000000000628 4.40661513957753
-8.50000000000628 4.4137080306866
-8.40000000000628 4.4207210967429
-8.30000000000628 4.4277341627992
-8.20000000000628 4.4347472288555
-8.10000000000628 4.44176029491179
-8.00000000000628 4.44877336096809
-7.90000000000628 4.45578642702439
-7.80000000000628 4.46279949308069
-7.70000000000628 4.46981255913698
-7.60000000000628 4.47682562519328
-7.50000000000628 4.48383869124958
-7.40000000000628 4.49085175730588
-7.30000000000628 4.49786482336217
-7.20000000000628 4.50448399330567
-7.10000000000628 4.51091285278456
-7.00000000000628 4.51738920611293
-6.90000000000629 4.52402974853309
-6.80000000000629 4.53067029095325
-6.70000000000629 4.53731083337341
-6.60000000000629 4.501523062271
-6.50000000000629 4.50724803886266
-6.40000000000629 4.51297301545432
-6.30000000000629 4.51869799204599
-6.20000000000629 4.52442296863765
-6.10000000000629 4.53014794522932
-6.00000000000629 4.53587292182098
-5.90000000000629 4.54159789841264
-5.80000000000629 4.54558389604845
-5.70000000000629 4.54899172007447
-5.60000000000629 4.55239954410049
-5.50000000000629 4.55580736812651
-5.40000000000629 4.55921519215253
-5.30000000000629 4.56262301617855
-5.20000000000629 4.56603084020457
-5.10000000000629 4.56943866423059
-5.00000000000629 4.57284648825661
-4.90000000000629 4.57625431228263
-4.80000000000629 4.57948745417617
-4.70000000000629 4.58246000740625
-4.60000000000629 4.58534600356932
-4.50000000000629 4.58823199973238
-4.40000000000629 4.59111799589545
-4.30000000000629 4.59400399205852
-4.20000000000629 4.59688998822158
-4.1000000000063 4.59977598438465
-4.0000000000063 4.60266198054772
-3.9000000000063 4.60554797671078
-3.8000000000063 4.60843397287385
-3.7000000000063 4.61131996903692
-3.6000000000063 4.61420596519998
-3.50000000000629 4.61709196136305
-3.40000000000629 4.61997795752611
-3.30000000000629 4.62286395368918
-3.20000000000629 4.62574994985225
-3.10000000000629 4.62863594601531
-3.00000000000629 4.63154163918614
-2.90000000000629 4.63502910091374
-2.80000000000629 4.63851656264135
-2.70000000000629 4.64200402436895
-2.60000000000629 4.64549148609655
-2.50000000000629 4.64897894782415
-2.40000000000629 4.65246640955176
-2.30000000000629 4.65595387127936
-2.20000000000629 4.65944133300696
-2.10000000000629 4.66292879473457
-2.00000000000629 4.66641625646217
-1.90000000000629 4.66990371818977
-1.80000000000629 4.67339117991737
-1.70000000000629 4.67687864164498
-1.60000000000629 4.68036610337258
-1.50000000000629 4.68385356510018
-1.40000000000629 4.68734102682779
-1.30000000000629 4.69082848855539
-1.20000000000629 4.69431595028299
-1.10000000000629 4.69780341201059
-1.00000000000629 4.7012908737382
-0.900000000006293 4.7047783354658
-0.800000000006293 4.7082657971934
-0.700000000006293 4.71175325892101
-0.600000000006293 4.71532392717236
-0.500000000006293 4.71891646764561
-0.400000000006293 4.72250900811885
-0.300000000006293 4.72610154859209
-0.200000000006293 4.72969408906533
-0.100000000006293 4.73328662953857
-6.29288288145347e-12 4.73687917001181
0.0999999999937071 4.74047171048505
0.199999999993707 4.74495962014371
0.299999999993707 4.74973804976999
0.399999999993707 4.75451647939627
0.499999999993707 4.75929490902255
0.599999999993707 4.76407333864884
0.699999999993707 4.76885176827512
0.799999999993707 4.7736301979014
0.899999999993707 4.77840862752768
0.999999999993707 4.78318705715396
1.09999999999371 4.78800668990396
1.19999999999371 4.79287845482436
1.29999999999371 4.79775021974476
1.39999999999371 4.80281017273134
1.49999999999371 4.80799744950385
1.59999999999371 4.81318472627636
1.69999999999371 4.81837200304887
1.79999999999371 4.82355927982137
1.89999999999371 4.82874655659388
1.99999999999371 4.83393383336639
2.09999999999371 4.8391211101389
2.19999999999371 4.84430838691141
2.29999999999371 4.84949566368392
2.39999999999371 4.85468294045642
2.49999999999371 4.85987021722893
2.59999999999371 4.86505749400144
2.69999999999371 4.87024477077395
2.79999999999371 4.87543204754646
2.89999999999371 4.88061932431896
2.99999999999371 4.88580660109147
3.09999999999371 4.8913680838923
3.19999999999371 4.89812208614861
3.29999999999371 4.90534427901333
3.39999999999371 4.91308906026951
3.49999999999371 4.9208338415257
3.59999999999371 4.92868547216226
3.69999999999371 4.93715742121356
3.79999999999371 4.94562937026486
3.89999999999371 4.95358510484852
3.99999999999371 4.96151859768547
4.09999999999371 4.96945209052242
4.19999999999371 4.97738558335936
4.29999999999371 4.98531907619631
4.39999999999371 4.99325256903326
4.49999999999371 5.0007070207195
4.59999999999371 5.00785243086229
4.69999999999371 5.01499784100508
4.79999999999371 5.02276063153638
4.89999999999371 5.03064177547796
4.99999999999371 5.03852291941954
5.09999999999371 5.04644470493633
5.19999999999371 5.0544579083453
5.29999999999371 5.06247111175426
5.3999999999937 5.07048431516322
5.4999999999937 5.07849751857219
5.5999999999937 5.08651072198115
5.6999999999937 5.09452392539011
5.7999999999937 5.10253712879908
5.8999999999937 5.11066790908433
5.9999999999937 5.11888110586028
6.0999999999937 5.12709430263624
6.1999999999937 5.13470796777667
6.2999999999937 5.14218746562378
6.3999999999937 5.1496669634709
6.4999999999937 5.1571265916497
6.5999999999937 5.16450769975949
6.6999999999937 5.17188880786928
6.7999999999937 5.17926991597907
6.8999999999937 5.18665102408886
6.9999999999937 5.19403213219865
7.0999999999937 5.20139455410082
7.1999999999937 5.2082534699984
7.2999999999937 5.21360972996291
7.3999999999937 5.21896598992743
7.4999999999937 5.22432224989194
7.5999999999937 5.22967850985645
7.6999999999937 5.23510205334479
7.7999999999937 5.24084844610502
7.8999999999937 5.24670274895702
7.9999999999937 5.25255705180902
8.0999999999937 5.25841135466102
8.19999999999369 5.26426565751302
8.29999999999369 5.27011996036502
8.39999999999369 5.27597426321702
8.49999999999369 5.28226942443555
8.59999999999369 5.28886072528687
8.69999999999369 5.2954520261382
8.79999999999369 5.30204332698953
8.89999999999369 5.30863462784086
8.99999999999369 5.31522592869219
9.09999999999369 5.32171483733711
9.19999999999369 5.32867542389225
9.29999999999369 5.33602944506041
9.39999999999369 5.34338346622857
9.49999999999369 5.35073748739673
9.59999999999369 5.3580915085649
9.69999999999369 5.36544552973306
9.79999999999369 5.37279955090122
9.89999999999369 5.38015357206938
9.99999999999369 5.38750759323755
10.0999999999937 5.39486161440571
10.1999999999937 5.40221563557387
10.2999999999937 5.40962522515738
10.3999999999937 5.41709366638513
10.4999999999937 5.42459899219656
10.5999999999937 5.432104318008
10.6999999999937 5.43960964381943
10.7999999999937 5.44711496963086
10.8999999999937 5.4546202954423
10.9999999999937 5.46212562125373
11.0999999999937 5.4696295933645
11.1999999999937 5.47701549417375
11.2999999999937 5.48440139498301
11.3999999999937 5.49178729579226
11.4999999999937 5.49917319660151
11.5999999999937 5.50655909741077
11.6999999999937 5.51394499822002
11.7999999999937 5.52133089902928
11.8999999999937 5.52871679983853
11.9999999999937 5.53610270064778
12.0999999999937 5.54348860145704
12.1999999999937 5.55244296799854
12.2999999999937 5.56146652889675
12.3999999999937 5.57052061573758
12.4999999999937 5.57957470257841
12.5999999999937 5.58860173421319
12.6999999999937 5.59754311787093
12.7999999999937 5.60648450152868
12.8999999999937 5.61542588518642
12.9999999999937 5.62436726884417
13.0999999999937 5.63330865250191
13.1999999999937 5.64225003615965
13.2999999999937 5.6511914198174
13.3999999999937 5.66062941615919
13.4999999999937 5.67025657799296
13.5999999999937 5.68021256134521
13.6999999999937 5.69016854469745
13.7999999999937 5.7001245280497
13.8999999999937 5.71004077594214
13.9999999999937 5.71983847903054
14.0999999999937 5.72963618211894
14.1999999999937 5.73943388520735
14.2999999999937 5.74940720569691
14.3999999999937 5.75965244821639
14.4999999999937 5.76993980028632
14.5999999999937 5.78022715235625
14.6999999999937 5.79038804066144
14.7999999999937 5.80040058560174
14.8999999999937 5.81100891402201
14.9999999999937 5.82201160346742
15.0999999999937 5.83301429291282
15.1999999999937 5.84401698235823
15.2999999999937 5.85501967180363
15.3999999999937 5.86554030414931
15.4999999999937 5.87496221058242
15.5999999999937 5.88360506725083
15.6999999999937 5.89224792391924
15.7999999999937 5.90089078058765
15.8999999999937 5.90953363725606
15.9999999999937 5.91817649392447
16.0999999999937 5.92681935059288
16.1999999999937 5.9354622072613
16.2999999999937 5.94410506392971
16.3999999999937 5.95274792059812
16.4999999999937 5.96139077726653
16.5999999999937 5.97003363393494
16.6999999999937 6.18425205892771
16.7999999999937 6.19242528992505
16.8999999999937 6.2013067142216
16.9999999999937 6.21030042067075
17.0999999999937 6.2192941271199
17.1999999999937 6.22828783356905
17.2999999999937 6.2372815400182
17.3999999999937 6.24627524646735
17.4999999999937 6.25503452234492
17.5999999999937 6.26373907443299
17.6999999999937 6.27244362652106
17.7999999999937 6.28114817860913
17.8999999999937 6.28985273069721
17.9999999999937 6.29855728278528
18.0999999999937 6.30726183487335
18.1999999999937 6.31596638696143
18.2999999999937 6.3246709390495
18.3999999999937 6.33337549113757
18.4999999999937 6.34208004322564
18.5999999999937 6.35078459531372
18.6999999999937 6.35948914740179
18.7999999999937 6.36819369948986
18.8999999999937 6.37689825157794
18.9999999999937 6.38614677402879
19.0999999999937 6.39556667021387
19.1999999999937 6.40498656639895
19.2999999999937 6.41397021203818
19.3999999999937 6.42267146158395
19.4999999999937 6.43137271112972
19.5999999999937 6.44007396067549
19.6999999999937 6.44877521022126
19.7999999999937 6.45778229720056
19.8999999999937 6.46756492961386
19.9999999999937 6.47734756202715
20.0999999999937 6.48713019444044
20.1999999999937 6.49691282685373
20.2999999999937 6.50669545926702
20.3999999999937 6.51647809168031
20.4999999999937 6.52609589412477
20.5999999999937 6.53486229230006
20.6999999999937 6.54362869047534
20.7999999999937 6.55239508865062
20.8999999999937 6.5611614868259
20.9999999999937 6.56992788500119
21.0999999999937 6.57854599058455
21.1999999999937 6.58714944043632
21.2999999999937 6.59575289028809
21.3999999999937 6.62480902064491
21.4999999999937 6.63589779734663
21.5999999999937 6.64698657404835
21.6999999999937 6.65807535075007
21.7999999999937 6.66916412745179
21.8999999999937 6.68025290415351
21.9999999999938 6.69134168085523
22.0999999999938 6.70243045755695
22.1999999999938 6.71351923425867
22.2999999999938 6.7246080109604
22.3999999999938 6.73569678766212
22.4999999999938 6.74730939023461
22.5999999999938 6.75898920674953
22.6999999999938 6.77066902326445
22.7999999999938 6.78234883977937
22.8999999999938 6.79395642024223
22.9999999999938 6.80399052582798
23.0999999999938 6.81402463141374
23.1999999999938 6.82405873699949
23.2999999999938 6.83409284258525
23.3999999999938 6.844126948171
23.4999999999938 6.85416105375675
23.5999999999938 6.86419515934251
23.6999999999938 6.87422926492826
23.7999999999938 6.88426337051402
23.8999999999938 6.89493965724985
23.9999999999938 6.90673397430207
24.0999999999938 6.91909484954266
24.1999999999938 6.93145572478326
24.2999999999938 6.94381660002385
24.3999999999938 6.95617747526444
24.4999999999938 6.96853835050504
24.5999999999938 6.98089922574563
24.6999999999938 6.99326010098622
24.7999999999938 7.00562097622682
24.8999999999938 7.01798185146741
24.9999999999938 7.030342726708
25.0999999999938 7.0427036019486
25.1999999999938 7.05506447718919
25.2999999999938 7.06740527178102
25.3999999999938 7.07971719770792
25.4999999999938 7.09202912363482
25.5999999999938 7.10469406425717
25.6999999999938 7.12606756892417
25.7999999999938 7.14089261170142
25.8999999999938 7.15571765447868
25.9999999999938 7.17054269725594
26.0999999999938 7.1853677400332
26.1999999999938 7.20019278281046
26.2999999999938 7.21501782558771
26.3999999999938 7.22984286836497
26.4999999999938 7.24466791114223
26.5999999999938 7.26090890653223
26.6999999999938 7.27785256575781
26.7999999999938 7.29479622498339
26.8999999999938 7.31174156525984
26.9999999999938 7.32872827954723
27.0999999999938 7.34571499383462
27.1999999999938 7.36258354662135
27.2999999999938 7.37935887792304
27.3999999999938 7.39613420922473
27.4999999999938 7.41290954052643
27.5999999999938 7.42968487182812
27.6999999999938 7.44646020312981
27.7999999999938 7.4632355344315
27.8999999999938 7.48001086573319
27.9999999999938 7.49678619703488
28.0999999999938 7.51356152833658
28.1999999999938 7.53126765811102
28.2999999999938 7.54968486328379
28.3999999999938 7.56810206845655
28.4999999999938 7.58651927362931
28.5999999999938 7.60493647880208
28.6999999999938 7.62335368397484
28.7999999999938 7.64177088914761
28.8999999999938 7.66018809432037
28.9999999999939 7.67860529949313
29.0999999999939 7.6970225046659
29.1999999999939 7.71543970983866
29.2999999999939 7.73385691501142
29.3999999999939 7.75227412018419
29.4999999999939 7.77069132535695
29.5999999999939 7.78910853052971
29.6999999999939 7.80759921373634
29.7999999999939 7.82616185668501
29.8999999999939 7.84472449963368
29.9999999999939 7.860023981716
30.0999999999939 7.87819180533439
30.1999999999939 7.89635962895278
30.2999999999939 7.91455560366897
30.3999999999939 7.93282978265855
30.4999999999939 7.95110396164813
30.5999999999939 7.96937814063772
30.6999999999939 7.9876523196273
30.7999999999939 8.00592649861688
30.8999999999939 8.02420067760646
30.9999999999939 8.04247485659604
31.0999999999939 8.06074903558563
31.1999999999939 8.07891395526391
31.2999999999939 8.09630266772578
31.3999999999939 8.11369138018764
31.4999999999939 8.13140733075808
31.5999999999939 8.14930513740788
31.6999999999939 8.16720294405767
31.7999999999939 8.18510075070747
31.8999999999939 8.20299855735727
31.9999999999939 8.22089636400706
32.0999999999939 8.23879417065685
32.1999999999939 8.25669197730665
32.2999999999939 8.27458978395645
32.3999999999939 8.29319728913097
32.4999999999939 8.31111509243535
32.5999999999939 8.32903289573973
32.6999999999939 8.34787236710734
32.7999999999939 8.36690994990836
32.8999999999939 8.38594753270937
32.9999999999939 8.40498511551039
33.0999999999939 8.4240226983114
33.1999999999939 8.44306028111242
33.2999999999939 8.46209786391343
33.3999999999939 8.48113544671445
33.4999999999939 8.50017302951546
33.5999999999939 8.51921061231648
33.6999999999939 8.53824819511749
33.7999999999939 8.55728577791851
33.8999999999939 8.57632336071952
33.9999999999939 8.59536094352054
34.0999999999939 8.61439852632155
34.1999999999939 8.63343610912257
34.2999999999939 8.65247369192359
34.3999999999939 8.6715112747246
34.4999999999939 8.69131401353282
34.5999999999939 8.71122774520645
34.6999999999939 8.73114147688008
34.7999999999939 8.75434020291732
34.8999999999939 8.77815969956553
34.9999999999939 8.80197919621374
35.0999999999939 8.82579869286195
35.1999999999939 8.84961818951016
35.2999999999939 8.87343768615837
35.3999999999939 8.89725718280658
35.4999999999939 8.92107667945479
35.5999999999939 8.9446086021275
35.6999999999939 8.9682240156401
35.7999999999939 8.99285787864922
35.8999999999939 9.01749174165833
35.9999999999939 9.04212560466745
36.0999999999939 9.06604949184843
36.1999999999939 9.08888909811702
36.299999999994 9.1116570100063
36.399999999994 9.13439357419422
36.499999999994 9.15713013838214
36.599999999994 9.17986670257006
36.699999999994 9.20260326675798
36.799999999994 9.2253398309459
36.899999999994 9.24807639513382
36.999999999994 9.27081295932174
37.099999999994 9.29354952350966
37.199999999994 9.31628608769758
37.299999999994 9.3390226518855
37.399999999994 9.36175921607342
37.499999999994 9.38449578026134
37.599999999994 9.40723234444926
37.699999999994 9.42996890863718
37.799999999994 9.4527054728251
37.899999999994 9.47544203701302
37.999999999994 9.49817860120094
38.099999999994 9.52091516538886
38.199999999994 9.54364592456866
38.299999999994 9.56460899924046
38.399999999994 9.5842141239993
38.499999999994 9.60292338993517
38.599999999994 9.62236040677078
38.699999999994 9.64187982800765
38.799999999994 9.66139924924452
38.899999999994 9.70947331880874
38.999999999994 9.72970018000278
39.099999999994 9.74992704119682
39.199999999994 9.77015390239085
39.299999999994 9.79033732484425
39.399999999994 9.81049994296531
39.499999999994 9.83066256108637
39.599999999994 9.85082517920743
39.699999999994 9.87098779732849
39.799999999994 9.89115041544956
39.899999999994 9.91131303357062
39.999999999994 9.93147565169168
40.099999999994 9.95163826981274
40.199999999994 9.9718008879338
40.299999999994 9.99196350605486
40.399999999994 10.0121261241759
40.499999999994 10.032288742297
40.599999999994 10.052451360418
40.699999999994 10.0726139785391
40.799999999994 10.0927765966602
40.899999999994 10.1129392147812
40.999999999994 10.1331018329023
41.099999999994 10.2798675376839
41.199999999994 10.2991656458475
41.299999999994 10.3184637540111
41.399999999994 10.3377618621747
41.499999999994 10.3570599703383
41.599999999994 10.3763580785019
41.699999999994 10.3956561866655
41.799999999994 10.4149542948291
41.899999999994 10.4342524029927
41.999999999994 10.4535505111563
42.099999999994 10.4728486193199
42.199999999994 10.4921467274835
42.299999999994 10.5114448356471
42.399999999994 10.5307429438107
42.499999999994 10.8086427303561
42.599999999994 10.8274162677071
42.699999999994 10.8461898050582
42.799999999994 10.8649633424092
42.899999999994 10.8837368797603
42.999999999994 10.9025104171113
43.099999999994 10.9212839544623
43.199999999994 10.9400574918134
43.299999999994 10.9588310291644
43.3999999999941 10.9776045665155
43.4999999999941 10.9963781038665
43.5999999999941 11.0151516412176
43.6999999999941 11.0339251785686
43.7999999999941 11.0526111512676
43.8999999999941 11.0697284405624
43.9999999999941 11.0868457298572
44.0999999999941 11.1039630191521
44.1999999999941 11.1210803084469
44.2999999999941 11.1381975977417
44.3999999999941 11.1553148870365
44.4999999999941 11.1724321763313
44.5999999999941 11.1895494656261
44.6999999999941 11.206666754921
44.7999999999941 11.2237840442158
44.8999999999941 11.2409013335106
44.9999999999941 11.2580186228054
45.0999999999941 11.2751359121002
45.1999999999941 11.292253201395
45.2999999999941 11.3094581322278
45.3999999999941 11.3266165023476
45.4999999999941 11.3437748724674
45.5999999999941 11.3609332425872
45.6999999999941 11.3780916127071
45.7999999999941 11.3952499828269
45.8999999999941 11.4124083529467
45.9999999999941 11.4295667230665
46.0999999999941 11.4467250931864
46.1999999999941 11.4638834633062
46.2999999999941 11.481041833426
46.3999999999941 11.4982002035458
46.4999999999941 11.5153585736656
46.5999999999941 11.5325169437855
46.6999999999941 11.5496753139053
46.7999999999941 11.5668336840251
46.8999999999941 11.5839920541449
46.9999999999941 11.6011504242648
47.0999999999941 11.6185267753278
47.1999999999941 11.6363902350782
47.2999999999941 11.6542536948285
47.3999999999941 11.6722646083525
47.4999999999941 11.6925448118758
47.5999999999941 11.7128250153991
47.6999999999941 11.7331052189224
47.7999999999941 11.7533854224456
47.8999999999941 11.7736656259689
47.9999999999941 11.7939458294922
48.0999999999941 11.8142260330155
48.1999999999941 11.8345062365388
48.2999999999941 11.854786440062
48.3999999999941 11.8750666435853
48.4999999999941 11.8953468471086
48.5999999999941 11.9156270506319
48.6999999999941 11.9359072541551
48.7999999999941 11.9561874576784
48.8999999999941 11.9764676612017
48.9999999999941 11.996747864725
49.0999999999941 12.0170280682482
49.1999999999941 12.0373082717715
49.2999999999941 12.0575884752948
49.3999999999941 12.0778686788181
49.4999999999941 12.0981488823413
49.5999999999941 12.1184290858646
49.6999999999941 12.1387092893879
49.7999999999941 12.0001567937057
49.8999999999941 12.0205910236914
49.9999999999941 12.041025253677
50.0999999999941 12.0610135841741
50.1999999999941 12.0809544716281
50.2999999999941 12.1013554925028
50.3999999999942 12.123024379061
50.4999999999942 12.1458046243778
50.5999999999942 12.1685848696946
50.6999999999942 12.1913651150114
50.7999999999942 12.2141453603282
50.8999999999942 12.2365449259754
50.9999999999942 12.2586453453977
51.0999999999942 12.28074576482
51.1999999999942 12.3039287643344
51.2999999999942 12.3278246287725
51.3999999999942 12.3517204932107
51.4999999999942 12.3756163576488
51.5999999999942 12.399512222087
51.6999999999942 12.4234080865251
51.7999999999942 12.4473039509633
51.8999999999942 12.4711998154014
51.9999999999942 12.4950956798396
52.0999999999942 12.5189915442777
52.1999999999942 12.5428874087159
52.2999999999942 12.566783273154
52.3999999999942 12.5906791375922
52.4999999999942 12.6145750020303
52.5999999999942 12.6384708664685
52.6999999999942 12.6623667309066
52.7999999999942 12.6862625953447
52.8999999999942 12.7101584597829
52.9999999999942 12.734054324221
53.0999999999942 12.7579501886592
53.1999999999942 12.7818460530973
53.2999999999942 12.8057419175355
53.3999999999942 12.8296377819736
53.4999999999942 12.8535336464118
53.5999999999942 12.8774295108499
53.6999999999942 12.9013253752881
53.7999999999942 12.9252212397262
53.8999999999942 12.9491171041644
53.9999999999942 12.9730129686025
54.0999999999942 12.9969088330407
54.1999999999942 13.0208046974788
54.2999999999942 13.044700561917
54.3999999999942 13.0685964263551
54.4999999999942 13.0924922907933
54.5999999999942 13.1163881552314
54.6999999999942 13.4825462981202
54.7999999999942 13.5081852354257
54.8999999999942 13.5338241727311
54.9999999999942 13.5588623716213
55.0999999999942 13.5835386748057
55.1999999999942 13.6112291014034
55.2999999999942 13.6393699287896
55.3999999999942 13.6675107561758
55.4999999999942 13.695651583562
55.5999999999942 13.7237924109481
55.6999999999942 13.7519332383343
55.7999999999942 13.7800740657205
55.8999999999942 13.8082148931067
55.9999999999942 13.8363557204928
56.0999999999942 13.864496547879
56.1999999999942 13.8926373752652
56.2999999999942 13.9207782026514
56.3999999999942 13.9489190300375
56.4999999999942 13.9770598574237
56.5999999999942 14.0052006848099
56.6999999999942 14.0333415121961
56.7999999999942 14.0614823395822
56.8999999999942 14.0896231669684
56.9999999999942 14.1177639943546
57.0999999999942 14.1459048217408
57.1999999999942 14.1740456491269
57.2999999999942 14.2021864765131
57.3999999999943 14.2303273038993
57.4999999999943 14.2584681312855
57.5999999999943 14.2866089586716
57.6999999999943 14.3147497860578
57.7999999999943 14.342890613444
57.8999999999943 14.3709982064911
57.9999999999943 14.3989982825209
58.0999999999943 14.4269983585508
58.1999999999943 14.4549984345806
58.2999999999943 14.4829985106105
58.3999999999943 14.5109985866403
58.4999999999943 14.5389986626701
58.5999999999943 14.5669987387
58.6999999999943 14.5949988147298
58.7999999999943 14.6229988907596
58.8999999999943 14.6509989667895
58.9999999999943 14.6798365567278
59.0999999999943 14.7092169806948
59.1999999999943 14.7385974046618
59.2999999999943 14.7679778286287
59.3999999999943 14.7973582525957
59.4999999999943 14.8267386765627
59.5999999999943 14.8561191005297
59.6999999999943 14.8854995244966
59.7999999999943 14.9148799484636
59.8999999999943 14.9442603724306
59.9999999999943 14.9736407963976
60.0999999999943 15.0030212203645
60.1999999999943 15.0324016443315
60.2999999999943 15.0617820682985
60.3999999999943 15.0911624922655
60.4999999999943 15.7622145139703
60.5999999999943 15.7947664917412
60.6999999999943 15.827318469512
60.7999999999943 15.8598704472828
60.8999999999943 15.8924224250537
60.9999999999943 15.9250921999192
61.0999999999943 15.9583310908903
61.1999999999943 15.9915699818614
61.2999999999943 16.0248088728324
61.3999999999943 16.0580477638035
61.4999999999943 16.0912866547746
61.5999999999943 16.1245255457456
61.6999999999943 16.1577644367167
61.7999999999943 16.1910033276878
61.8999999999943 16.2242422186588
61.9999999999943 16.2574811096299
62.0999999999943 16.290720000601
62.1999999999943 16.3239588915721
62.2999999999943 16.3571977825431
62.3999999999943 16.3904366735142
62.4999999999943 16.4236755644853
62.5999999999943 16.4569144554563
62.6999999999943 16.4901533464274
62.7999999999943 16.5233922373985
62.8999999999943 17.5377386689849
62.9999999999943 17.5735533558701
63.0999999999943 17.6093680427554
63.1999999999943 17.6451827296407
63.2999999999943 17.680997416526
63.3999999999943 17.7168121034112
63.4999999999943 17.7555315996317
63.5999999999943 17.7963731203586
63.6999999999943 17.8372146410856
63.7999999999943 17.8780561618126
63.8999999999943 17.9188976825395
63.9999999999943 17.9597392032665
64.0999999999943 18.0005807239934
64.1999999999943 18.0414222447204
64.2999999999943 18.0822637654473
64.3999999999943 18.1231052861743
64.4999999999943 18.1639468069012
64.5999999999943 18.2047883276282
64.6999999999943 18.2456298483552
64.7999999999943 18.2864713690821
64.8999999999943 18.3273128898091
64.9999999999943 18.368154410536
65.0999999999943 18.408995931263
65.1999999999943 18.4498374519899
65.2999999999943 18.4906789727169
65.3999999999943 18.5315204934438
65.4999999999943 18.5723620141708
65.5999999999943 18.6132035348977
65.6999999999942 18.6540450556247
65.7999999999942 18.6948865763517
65.8999999999942 18.7357280970786
65.9999999999942 18.7765696178056
66.0999999999942 18.8174111385325
66.1999999999942 18.8582526592595
66.2999999999942 18.8990941799864
66.3999999999942 18.9399357007134
66.4999999999942 18.9807772214403
66.5999999999942 19.0216187421673
66.6999999999942 19.0624602628942
66.7999999999942 19.1033017836212
66.8999999999942 19.1444390580751
66.9999999999942 19.1864258044386
67.0999999999942 19.2284125508022
67.1999999999942 19.2703992971657
67.2999999999942 19.3123860435292
67.3999999999942 19.3543727898928
67.4999999999941 19.3963595362563
67.5999999999941 19.4383462826198
67.6999999999941 19.4803330289834
67.7999999999941 19.5223197753469
67.8999999999941 19.5643065217104
67.9999999999941 19.6115142062019
68.0999999999941 19.6619785274781
68.1999999999941 19.7124428487543
68.2999999999941 19.7629071700304
68.3999999999941 19.8133714913066
68.4999999999941 19.8638358125828
68.5999999999941 19.9143001338589
68.6999999999941 19.9647644551351
68.7999999999941 20.0152287764113
68.8999999999941 20.0656930976875
68.9999999999941 20.1161574189636
69.0999999999941 20.1666217402398
69.199999999994 20.217086061516
69.299999999994 20.2675503827921
69.399999999994 20.3180147040683
69.499999999994 20.3670603666202
69.599999999994 20.4160091543651
69.699999999994 20.46495794211
69.799999999994 20.513906729855
69.899999999994 20.5628555175999
69.999999999994 20.6167345769678
70.099999999994 20.672166788544
70.199999999994 20.7275990001202
70.299999999994 20.7830312116965
70.399999999994 20.8384634232727
70.499999999994 20.8938956348489
70.599999999994 20.9493278464251
70.699999999994 21.0047600580014
70.799999999994 21.0601922695776
70.899999999994 21.1156244811538
70.9999999999939 21.17105669273
71.0999999999939 21.2264889043063
71.1999999999939 21.2819211158825
71.2999999999939 21.3373533274587
71.3999999999939 21.392785539035
71.4999999999939 21.4482177506112
71.5999999999939 21.5036499621874
71.6999999999939 21.5590821737636
71.7999999999939 21.6145143853399
71.8999999999939 21.6699465969161
71.9999999999939 21.7253788084923
72.0999999999939 21.7808110200685
72.1999999999939 21.8362432316448
72.2999999999939 21.891675443221
72.3999999999939 21.9471076547972
72.4999999999939 22.0025398663735
72.5999999999939 22.0579720779497
72.6999999999938 22.1134042895259
72.7999999999938 22.1688365011021
72.8999999999938 22.2268765850732
72.9999999999938 22.2865726701146
73.0999999999938 22.346268755156
73.1999999999938 22.4059648401974
73.2999999999938 22.4656609252388
73.3999999999938 22.5253570102802
73.4999999999938 22.5850530953216
73.5999999999938 22.644749180363
73.6999999999938 22.7044452654044
73.7999999999938 22.7641413504458
73.8999999999938 22.8238374354872
73.9999999999938 22.8832664728114
74.0999999999938 22.9394713018161
74.1999999999938 22.9956761308208
74.2999999999938 23.0518809598255
74.3999999999938 23.1080857888302
74.4999999999937 23.1642906178349
74.5999999999937 23.2204954468396
74.6999999999937 23.2767002758443
74.7999999999937 23.332905104849
74.8999999999937 23.3891099338537
74.9999999999937 23.4453147628584
75.0999999999937 23.5015195918631
75.1999999999937 23.5577244208678
75.2999999999937 23.6139292498725
75.3999999999937 23.6701340788772
75.4999999999937 23.7263389078819
75.5999999999937 23.7825437368866
75.6999999999937 23.8387485658913
75.7999999999937 23.8949533948959
75.8999999999937 23.9511582239006
75.9999999999937 24.0073630529053
76.0999999999937 24.06356788191
76.1999999999937 24.1197727109147
76.2999999999936 24.1759775399194
76.3999999999936 24.2321823689241
76.4999999999936 24.2883871979288
76.5999999999936 24.3445920269335
76.6999999999936 24.4007968559382
76.7999999999936 24.4570016849429
76.8999999999936 24.5132065139476
76.9999999999936 24.5694113429523
77.0999999999936 24.625616171957
77.1999999999936 24.6818210009617
77.2999999999936 24.7380258299664
77.3999999999936 24.7942306589711
77.4999999999936 24.8504354879758
77.5999999999936 24.9066403169805
77.6999999999936 24.9628451459852
77.7999999999936 25.0190499749899
77.8999999999936 25.0752548039946
77.9999999999935 25.1314596329993
78.0999999999935 25.187664462004
78.1999999999935 25.2438692910087
78.2999999999935 25.3000741200134
78.3999999999935 25.3562789490181
78.4999999999935 25.4124837780228
78.5999999999935 25.4686886070275
78.6999999999935 25.5248934360322
78.7999999999935 25.5810982650369
78.8999999999935 25.6373030940416
78.9999999999935 25.6935079230463
79.0999999999935 25.749712752051
79.1999999999935 25.8147229664847
79.2999999999935 25.8820566596469
79.3999999999935 25.9493903528091
79.4999999999935 26.0157084258352
79.5999999999935 26.0816716548348
79.6999999999935 26.1476348838344
79.7999999999934 26.2135981128341
79.8999999999934 26.2795613418337
79.9999999999934 26.3455245708334
80.0999999999934 26.411487799833
80.1999999999934 26.4774510288327
80.2999999999934 26.5434142578323
80.3999999999934 26.6093774868319
80.4999999999934 26.6753407158316
80.5999999999934 26.7413039448312
80.6999999999934 26.8072671738309
80.7999999999934 26.8732304028305
80.8999999999934 26.9391936318302
80.9999999999934 27.0051568608298
81.0999999999934 27.0711200898294
81.1999999999934 27.1370833188291
81.2999999999934 27.2030465478287
81.3999999999934 27.2690097768284
81.4999999999933 27.334973005828
81.5999999999933 27.401760533334
81.6999999999933 27.4698136204063
81.7999999999933 27.5378667074786
81.8999999999933 27.6059197945509
81.9999999999933 27.6739728816233
82.0999999999933 27.7420259686956
82.1999999999933 27.8100790557679
82.2999999999933 27.8781321428402
82.3999999999933 27.9461852299125
82.4999999999933 28.0142383169849
82.5999999999933 28.0822914040572
82.6999999999933 28.1491056805905
82.7999999999933 28.2147219203714
82.8999999999933 28.2803381601524
82.9999999999933 28.3459543999333
83.0999999999933 28.4115706397142
83.1999999999933 28.4771868794952
83.2999999999932 28.5428031192761
83.3999999999932 28.6084193590571
83.4999999999932 28.674035598838
83.5999999999932 28.739651838619
83.6999999999932 28.8052680783999
83.7999999999932 28.8708843181809
83.8999999999932 28.9365005579618
83.9999999999932 29.0021167977427
84.0999999999932 29.0677330375237
84.1999999999932 29.1333492773046
84.2999999999932 29.1989655170856
84.3999999999932 29.2654000523084
84.4999999999932 29.333000009213
84.5999999999932 29.4005999661177
84.6999999999932 29.4681999230223
84.7999999999932 29.535799879927
84.8999999999932 29.6033998368316
84.9999999999932 29.6709997937363
85.0999999999931 29.7385997506409
85.1999999999931 29.8061997075456
85.2999999999931 29.8737996644502
85.3999999999931 29.9413996213549
85.4999999999931 30.0089995782595
85.5999999999931 30.0765995351642
85.6999999999931 30.1441994920689
85.7999999999931 30.2117994489735
85.8999999999931 30.2793994058782
85.9999999999931 30.3469993627828
86.0999999999931 30.4145993196875
86.1999999999931 30.4821992765921
86.2999999999931 30.5497992334968
86.3999999999931 30.6173991904014
86.4999999999931 30.6849991473061
86.5999999999931 30.7525991042107
86.6999999999931 30.8201990611154
86.799999999993 30.88779901802
86.899999999993 30.9553989749247