-5 7.415 2.22798675938615
-4 7.224375 1.98976747620796
-3 7.13709230740741 1.72011245677482
-2 7.32137043863636 1.75334972903633
-1 7.46068577777778 2.03852072562316
0 7.50804005 2.04167978356708
1 7.61263754166666 2.19391299433973
2 7.53241715178571 2.189664138291
3 7.45561152272727 2.17274607260553
4 7.51105501360544 2.24893536894212
5 7.50210006730769 2.27841494348655
6 7.49899187426901 2.30578519861431
7 7.5346334424581 2.41285715027387
8 7.50033285274725 2.51411117663484
9 7.45226561516854 2.49456840140514
10 7.37740499715909 2.59681504691608
11 7.33331441061453 2.50340657629644
12 7.39822306571429 2.56422183944668
13 7.54783062280702 2.64592694177122
14 7.56095524411765 2.6240257876039
15 7.63976604770115 2.64350497804447
16 7.80749588546512 2.69790218093402
17 7.83444411488095 2.72747599623303
18 7.96418223757962 2.70247068494448
19 7.99483767650602 2.67250761382305
20 8.13446984329268 2.60886661928204
21 8.22203178805031 2.67280353200077
22 8.26331153558282 2.6018254893081
23 8.23241686470588 2.5854970174034
24 8.43983982662337 2.73846835535891
25 8.49803723287671 2.76814659357466
26 8.41574953623188 2.73123480504929
27 8.50728668345324 2.72088621933067
28 8.59213273943662 2.74405497518329
29 8.78017063909775 2.81287918555913
30 8.98159921052632 2.90754988746624
31 9.04233354477612 2.88352584152858
32 9.26521468992248 2.95197094498711
33 9.46872442446043 2.96092773859976
34 9.49525124817518 2.90110175210955
35 9.58838837591241 2.79929199528927
36 9.79147561111111 2.79176814587262
37 9.9877038740458 2.79818996380969
38 10.0062773565574 2.76899846761582
39 10.1667603943089 2.79095532525959
40 10.2348379692983 2.73285569647916
41 10.5376029330357 2.67651743751249
42 10.7266804369369 2.7294159128334
43 10.6103002714286 2.69420953428715
44 10.5800183421053 2.71453913593283
45 10.8284936555556 2.72363972716779
46 11.1694150421053 2.87005586356144
47 11.36184429 2.89061649487209
48 11.5920174660194 2.86507411595097
49 11.9203483838384 2.88190905034961
50 12.1981989320388 2.94553297001002
51 12.2830676041667 2.99881930500576
52 12.3564683157895 3.04087271679244
53 12.6540267741936 2.91148915506061
54 12.8539685612245 2.87788538193563
55 13.016547516129 2.93570251539001
56 13.1377406629213 3.07994308048213
57 13.3143918928571 2.98766610681654
58 13.2733614875 2.95306604678461
59 13.5103605974026 3.14267700874203
60 13.6062707671233 3.20747433551183
61 13.9359967945205 3.25824939873451
62 14.3690711343284 3.35728910906464
63 14.7632994848485 3.41332554151342
64 14.6904741846154 3.42161331375085
65 15.119722057971 3.63335165034478
66 15.34626284375 3.62105471557531
67 15.8100139322034 3.66373922587635
68 16.0172713225806 3.65372857489341
69 16.2418909672131 3.80803291571634
70 16.2803840757576 3.81294977750895
71 16.4360822923077 3.86361324866308
72 16.4654529701492 3.94206432821557
73 16.6281113484848 4.00501429346521
74 16.9115307857143 4.00902035660537
75 16.8239748306452 4.22582500634307
76 17.084938612069 4.17335065381861
77 17.2533842540984 4.51020038078366
78 17.8559103145161 4.67705959709302
79 18.1648695803571 4.84059028761406
80 18.9502395566038 5.31255875355467
