-95.7 5.40688928837692
-95.6 5.4019028375239
-95.5 5.39691638667088
-95.4 5.39192993581786
-95.3 5.38694348496483
-95.2 5.38195703411181
-95.1 5.37697058325879
-95 5.37198413240577
-94.9 5.36699768155275
-94.8000000000001 5.36201123069973
-94.7000000000001 5.3570247798467
-94.6000000000001 5.35203832899368
-94.5000000000001 5.34705187814066
-94.4000000000001 5.34206542728764
-94.3000000000001 5.33707897643462
-94.2000000000001 5.3320925255816
-94.1000000000001 5.32710607472857
-94.0000000000001 5.32211962387555
-93.9000000000001 5.31713317302253
-93.8000000000001 5.31214672216951
-93.7000000000001 5.30716027131649
-93.6000000000001 5.30217382046347
-93.5000000000001 5.29718736961044
-93.4000000000001 5.29220091875742
-93.3000000000001 5.2872144679044
-93.2000000000001 5.28222801705138
-93.1000000000002 5.27724156619836
-93.0000000000002 5.27225511534534
-92.9000000000002 5.26726866449232
-92.8000000000002 5.26228221363929
-92.7000000000002 5.25729576278627
-92.6000000000002 5.25230931193325
-92.5000000000002 5.24732286108023
-92.4000000000002 5.24233641022721
-92.3000000000002 5.23734995937418
-92.2000000000002 5.23236350852116
-92.1000000000002 5.22737705766814
-92.0000000000002 5.22239060681512
-91.9000000000002 5.2174041559621
-91.8000000000002 5.21241770510908
-91.7000000000002 5.20743125425606
-91.6000000000002 5.20244480340303
-91.5000000000002 5.17703539394497
-91.4000000000002 5.13198119909474
-91.3000000000003 5.0869270042445
-91.2000000000003 5.04187280939426
-91.1000000000003 4.99681861454403
-91.0000000000003 4.95176441969379
-90.9000000000003 4.90671022484355
-90.8000000000003 4.86165602999332
-90.7000000000003 4.81660183514308
-90.6000000000003 4.77154764029285
-90.5000000000003 4.72649344544261
-90.4000000000003 4.68143925059237
-90.3000000000003 4.63638505574214
-90.2000000000003 4.5913308608919
-90.1000000000003 4.54627666604166
-90.0000000000003 4.50122247119143
-89.9000000000003 4.45616827634119
-89.8000000000003 4.41111408149096
-89.7000000000003 4.36605988664072
-89.6000000000003 4.32100569179048
-89.5000000000004 4.27595149694025
-89.4000000000004 4.23089730209001
-89.3000000000004 4.18584310723977
-89.2000000000004 4.14078891238954
-89.1000000000004 4.0957347175393
-89.0000000000004 4.05068052268907
-88.9000000000004 4.00562632783883
-88.8000000000004 3.96057213298859
-88.7000000000004 3.91551793813836
-88.6000000000004 3.87046374328812
-88.5000000000004 3.82540954843789
-88.4000000000004 3.78035535358765
-88.3000000000004 3.74056277332045
-88.2000000000004 3.7459588481013
-88.1000000000004 3.75135492288215
-88.0000000000004 3.75675099766299
-87.9000000000004 3.76214707244384
-87.8000000000005 3.76754314722468
-87.7000000000005 3.77293922200553
-87.6000000000005 3.77833529678637
-87.5000000000005 3.78373137156722
-87.4000000000005 3.78912744634806
-87.3000000000005 3.79452352112891
-87.2000000000005 3.79991959590975
-87.1000000000005 3.8053156706906
-87.0000000000005 3.81071174547144
-86.9000000000005 3.81610782025229
-86.8000000000005 3.82150389503314
-86.7000000000005 3.82689996981398
-86.6000000000005 3.83229604459483
-86.5000000000005 3.83769211937567
-86.4000000000005 3.84308819415652
-86.3000000000005 3.84848426893736
-86.2000000000005 3.85388034371821
-86.1000000000005 3.85927641849905
-86.0000000000006 3.8646724932799
-85.9000000000006 3.87006856806074
-85.8000000000006 3.87546464284159
-85.7000000000006 3.87753839203324
-85.6000000000006 3.8621058967252
-85.5000000000006 3.84667340141717
-85.4000000000006 3.83124090610913
-85.3000000000006 3.81580841080109
-85.2000000000006 3.80037591549306
-85.1000000000006 3.78494342018502
-85.0000000000006 3.76951092487699
-84.9000000000006 3.75407842956895
-84.8000000000006 3.73864593426091
-84.7000000000006 3.72321343895288
-84.6000000000006 3.70778094364484
-84.5000000000006 3.6923484483368
-84.4000000000006 3.67691595302877
-84.3000000000007 3.66148345772073
-84.2000000000007 3.6460509624127
-84.1000000000007 3.63061846710466
-84.0000000000007 3.61518597179662
-83.9000000000007 3.59975347648859
-83.8000000000007 3.58432098118055
-83.7000000000007 3.56888848587252
-83.6000000000007 3.55345599056448
-83.5000000000007 3.53802349525644
-83.4000000000007 3.5415263082025
-83.3000000000007 3.5655349053162
-83.2000000000007 3.58954350242991
-83.1000000000007 3.61355209954361
-83.0000000000007 3.63756069665731
-82.9000000000007 3.66156929377102
-82.8000000000007 3.68557789088472
-82.7000000000007 3.70958648799842
-82.6000000000007 5.45715561014212
-82.5000000000008 5.47022267259344
-82.4000000000008 5.48328973504476
-82.3000000000008 5.49635679749607
-82.2000000000008 5.50942385994739
-82.1000000000008 5.52249092239871
-82.0000000000008 5.53555798485003
-81.9000000000008 5.54862504730135
-81.8000000000008 5.56169210975266
-81.7000000000008 5.57475917220398
-81.6000000000008 5.5878262346553
-81.5000000000008 5.60089329710662
-81.4000000000008 5.61396035955794
-81.3000000000008 5.62702742200925
-81.2000000000008 5.64009448446057
-81.1000000000008 5.65316154691189
-81.0000000000008 5.66622860936321
-80.9000000000008 5.67929567181453
-80.8000000000008 5.69236273426584
-80.7000000000009 5.70542979671716
-80.6000000000009 5.71849685916848
-80.5000000000009 5.73243017852931
-80.4000000000009 5.74817196030867
-80.3000000000009 5.76391374208803
-80.2000000000009 5.77965552386739
-80.1000000000009 5.79539730564675
-80.0000000000009 5.81113908742611
-79.9000000000009 5.82688086920547
-79.8000000000009 5.84262265098483
-79.7000000000009 5.8583644327642
-79.6000000000009 5.87410621454356
-79.5000000000009 5.88984799632292
-79.4000000000009 5.90558977810228
-79.3000000000009 5.92133155988164
-79.2000000000009 5.937073341661
-79.1000000000009 5.95281512344036
-79.000000000001 5.96855690521972
-78.900000000001 5.98429868699908
-78.800000000001 6.00004046877844
-78.700000000001 6.0157822505578
-78.600000000001 5.15520019880921
-78.500000000001 5.17044278641291
-78.400000000001 5.18568537401662
-78.300000000001 5.20092796162032
-78.200000000001 5.21617054922402
-78.100000000001 5.23141313682772
-78.000000000001 5.24665572443142
-77.900000000001 5.26189831203513
-77.800000000001 5.27714089963883
-77.700000000001 5.29238348724253
-77.600000000001 5.30762607484623
-77.500000000001 5.32286866244993
-77.400000000001 5.33811125005364
-77.300000000001 5.35335383765734
-77.2000000000011 5.36859642526104
-77.1000000000011 5.38383901286474
-77.0000000000011 5.39908160046844
-76.9000000000011 5.41432418807215
-76.8000000000011 5.42956677567585
-76.7000000000011 5.44027395673163
-76.6000000000011 5.4467064970885
-76.5000000000011 5.45313903744536
-76.4000000000011 5.45957157780223
-76.3000000000011 5.46600411815909
-76.2000000000011 5.47243665851596
-76.1000000000011 5.47886919887283
-76.0000000000011 5.48492228397711
-75.9000000000011 5.48949211858033
-75.8000000000011 5.49406195318355
-75.7000000000011 5.49863178778677
-75.6000000000011 5.50320162238999
-75.5000000000012 5.50777145699321
-75.4000000000012 5.51234129159644
-75.3000000000012 5.51691112619966
-75.2000000000012 5.52148096080288
-75.1000000000012 5.5260507954061
-75.0000000000012 5.53062063000932
-74.9000000000012 5.53519046461254
-74.8000000000012 5.53976029921576
-74.7000000000012 5.54433013381898
-74.6000000000012 5.54889996842221
-74.5000000000012 5.55346980302543
-74.4000000000012 5.55803963762865
-74.3000000000012 5.56260947223187
-74.2000000000012 5.56717930683509
-74.1000000000012 5.57174914143831
-74.0000000000012 5.57631897604153
-73.9000000000012 5.58088881064475
-73.8000000000012 5.58545864524797
-73.7000000000013 5.59002847985119
-73.6000000000013 5.59459831445442
-73.5000000000013 5.59916814905764
-73.4000000000013 5.60373798366086
-73.3000000000013 5.60830781826408
-73.2000000000013 5.6128776528673
-73.1000000000013 5.61744748747052
-73.0000000000013 5.62201732207374
-72.9000000000013 5.62658715667697
-72.8000000000013 5.63115699128019
-72.7000000000013 5.63572682588341
-72.6000000000013 5.64029666048663
-72.5000000000013 5.64827300183565
-72.4000000000013 5.65908186573503
-72.3000000000013 5.6698907296344
-72.2000000000013 5.68069959353378
-72.1000000000013 5.69150845743316
-72.0000000000014 5.70231732133254
-71.9000000000014 5.71312618523192
-71.8000000000014 5.7239350491313
-71.7000000000014 5.73474391303068
-71.6000000000014 5.74555277693005
-71.5000000000014 5.75636164082943
-71.4000000000014 5.76717050472881
-71.3000000000014 5.77797936862819
-71.2000000000014 5.78878823252757
-71.1000000000014 5.79959709642695
-71.0000000000014 5.81040596032633
-70.9000000000014 5.82121482422571
-70.8000000000014 5.83202368812509
-70.7000000000014 5.84283255202446
-70.6000000000014 5.85364141592384
-70.5000000000014 5.86445027982322
-70.4000000000014 5.8752591437226
-70.3000000000014 5.88606800762198
-70.2000000000015 5.89687687152136
-70.1000000000015 5.90768573542074
-70.0000000000015 5.91849459932012
-69.9000000000015 5.92930346321949
-69.8000000000015 5.94011232711887
-69.7000000000015 5.95092119101825
-69.6000000000015 5.95922032334119
-69.5000000000015 5.96219365470601
-69.4000000000015 5.96516698607084
-69.3000000000015 5.96814031743566
-69.2000000000015 5.97111364880049
-69.1000000000015 5.97408698016531
-69.0000000000015 5.97706031153013
-68.9000000000015 5.98003364289496
-68.8000000000015 5.98300697425978
-68.7000000000015 5.98598030562461
-68.6000000000015 5.98895363698943
-68.5000000000015 5.99192696835425
-68.4000000000016 5.99490029971908
-68.3000000000016 5.9978736310839
-68.2000000000016 6.00084696244873
-68.1000000000016 6.00382029381355
-68.0000000000016 6.00679362517837
-67.9000000000016 6.0097669565432
-67.8000000000016 6.01274028790802
-67.7000000000016 6.01571361927285
-67.6000000000016 6.01868695063767
-67.5000000000016 6.0216602820025
-67.4000000000016 6.02463361336732
-67.3000000000016 6.02760694473214
-67.2000000000016 6.03058027609697
-67.1000000000016 6.03364284521391
-67.0000000000016 6.03771294208992
-66.9000000000016 6.04178303896593
-66.8000000000016 6.04585313584194
-66.7000000000017 6.04992323271796
-66.6000000000017 6.05399332959397
-66.5000000000017 6.05806342646998
-66.4000000000017 6.06213352334599
-66.3000000000017 6.06620362022201
-66.2000000000017 6.07027371709802
-66.1000000000017 6.07434381397403
-66.0000000000017 6.07841391085004
-65.9000000000017 6.08248400772605
-65.8000000000017 6.08655410460207
-65.7000000000017 6.09062420147808
-65.6000000000017 6.09469429835409
-65.5000000000017 6.0987643952301
-65.4000000000017 6.10283449210612
-65.3000000000017 6.10690458898213
-65.2000000000017 6.11097468585814
-65.1000000000017 6.11504478273415
-65.0000000000017 6.11911487961016
-64.9000000000018 6.12433981781239
-64.8000000000018 6.12991471003759
-64.7000000000018 6.1354896022628
-64.6000000000018 6.141064494488
-64.5000000000018 6.1466393867132
-64.4000000000018 6.15221427893841
-64.3000000000018 6.15778917116361
-64.2000000000018 6.16336406338881
-64.1000000000018 6.16893895561401
-64.0000000000018 6.17451384783922
-63.9000000000018 6.18008874006442
-63.8000000000018 6.18566363228963
-63.7000000000018 6.19123852451483
-63.6000000000018 6.19681341674003
-63.5000000000018 6.20238830896524
-63.4000000000018 6.20796320119044
-63.3000000000018 6.21353809341564
-63.2000000000018 6.21911298564085
-63.1000000000018 6.22468787786605
-63.0000000000018 6.23026277009125
-62.9000000000018 6.23583766231646
-62.8000000000018 6.24141255454166
-62.7000000000018 6.24698744676686
-62.6000000000018 6.25256233899207
-62.5000000000018 6.25813723121727
-62.4000000000018 6.26371212344247
-62.3000000000018 6.26928701566768
-62.2000000000018 6.27486190789288
-62.1000000000018 6.28043680011809
-62.0000000000018 6.28601169234329
-61.9000000000018 6.29158658456849
-61.8000000000018 6.2971614767937
-61.7000000000018 6.3027363690189
-61.6000000000018 6.3083112612441
-61.5000000000018 6.31388615346931
-61.4000000000018 6.31946104569451
-61.3000000000018 6.32503593791971
-61.2000000000018 6.33061083014492
-61.1000000000018 6.33618572237012
-61.0000000000018 6.34176061459533
-60.9000000000018 6.34733550682053
-60.8000000000018 6.35291039904573
-60.7000000000018 6.35848529127094
-60.6000000000018 6.36406018349614
-60.5000000000018 6.36963507572134
-60.4000000000018 6.37520996794655
-60.3000000000018 6.38078486017175
-60.2000000000018 6.38635975239695
-60.1000000000017 6.39193464462216
-60.0000000000017 6.39754723147721
-59.9000000000017 6.40335917359306
-59.8000000000017 6.40917111570892
-59.7000000000017 6.41498305782477
-59.6000000000017 6.42079499994062
-59.5000000000017 6.42660694205647
-59.4000000000017 6.43241888417232
-59.3000000000017 6.43823082628817
-59.2000000000017 6.44404276840402
-59.1000000000017 6.44941009297846
-59.0000000000017 6.45374770776601
-58.9000000000017 6.45808532255357
-58.8000000000017 6.46242293734112
-58.7000000000017 6.46676055212868
-58.6000000000017 6.47109816691623
-58.5000000000017 6.47543578170378
-58.4000000000017 6.47977339649134
-58.3000000000017 6.48411101127889
-58.2000000000017 6.48844862606645
-58.1000000000017 6.492786240854
-58.0000000000017 6.49712385564156
-57.9000000000017 6.50146147042911
-57.8000000000017 6.50579908521667
-57.7000000000017 6.51013670000422
-57.6000000000017 6.51447431479178
-57.5000000000017 6.51881192957933
-57.4000000000017 6.52314954436688
-57.3000000000017 6.52748715915444
-57.2000000000017 6.53182477394199
-57.1000000000017 6.53616238872955
-57.0000000000017 6.5405000035171
-56.9000000000017 6.54483761830466
-56.8000000000017 6.54917523309221
-56.7000000000017 6.55351284787977
-56.6000000000017 6.55785046266732
-56.5000000000017 6.56218807745488
-56.4000000000017 6.56652569224243
-56.3000000000017 6.57086330702999
-56.2000000000017 6.57520092181754
-56.1000000000017 6.57953853660509
-56.0000000000017 6.58387615139265
-55.9000000000017 6.5882137661802
-55.8000000000017 6.59255138096776
-55.7000000000017 6.59688899575531
-55.6000000000017 6.60122661054287
-55.5000000000017 6.60556422533042
-55.4000000000017 6.60990184011797
-55.3000000000017 6.61423945490553
-55.2000000000017 6.61857706969309
-55.1000000000017 6.62291468448064
-55.0000000000017 6.6272522992682
-54.9000000000017 6.63158991405575
-54.8000000000017 6.6359275288433
-54.7000000000017 6.64026514363086
-54.6000000000017 6.64460275841841
-54.5000000000017 6.6446793455231
-54.4000000000017 6.64384447559421
-54.3000000000017 6.64300960566532
-54.2000000000017 6.64217473573643
-54.1000000000017 6.64133986580755
-54.0000000000017 6.64050499587866
-53.9000000000017 6.63967012594977
-53.8000000000017 6.63883525602088
-53.7000000000017 6.63800038609199
-53.6000000000017 6.6371655161631
-53.5000000000017 6.63633064623422
-53.4000000000017 6.63549577630533
-53.3000000000017 6.63466090637644
-53.2000000000017 6.63382603644755
-53.1000000000016 6.63299116651866
-53.0000000000016 6.63215629658977
-52.9000000000016 6.63132142666089
-52.8000000000016 6.630486556732
-52.7000000000016 6.62965168680311
-52.6000000000016 6.62881681687422
-52.5000000000016 6.62798194694533
-52.4000000000016 6.62714707701645
-52.3000000000016 6.6265998715065
-52.2000000000016 6.62655078609837
-52.1000000000016 6.62650170069023
-52.0000000000016 6.62645261528209
-51.9000000000016 6.63547383980925
-51.8000000000016 6.64583773538104
-51.7000000000016 6.65620163095284
-51.6000000000016 6.66656552652463
-51.5000000000016 6.67692942209643
-51.4000000000016 6.68729331766822
-51.3000000000016 6.69765721324002
-51.2000000000016 6.70802110881181
-51.1000000000016 6.71838500438361
-51.0000000000016 6.7287488999554
-50.9000000000016 6.7391127955272
-50.8000000000016 6.74947669109899
-50.7000000000016 6.75984058667078
-50.6000000000016 6.77020448224258
-50.5000000000016 6.78056837781438
-50.4000000000016 6.79093227338617
-50.3000000000016 6.80129616895796
-50.2000000000016 6.81166006452976
-50.1000000000016 6.82202396010155
-50.0000000000016 6.83238785567335
-49.9000000000016 6.84275175124514
-49.8000000000016 6.85311564681694
-49.7000000000016 6.86347954238873
-49.6000000000016 6.87384343796053
-49.5000000000016 6.88420733353232
-49.4000000000016 6.87967759594359
-49.3000000000016 6.87471893805355
-49.2000000000016 6.86976028016351
-49.1000000000016 6.86480162227348
-49.0000000000016 6.85984296438344
-48.9000000000016 6.8548843064934
-48.8000000000016 6.84992564860337
-48.7000000000016 6.84496699071333
-48.6000000000016 6.8400083328233
-48.5000000000016 6.83504967493326
-48.4000000000016 6.83009101704322
-48.3000000000016 6.82513235915318
-48.2000000000016 6.82017370126315
-48.1000000000016 6.81521504337311
-48.0000000000016 6.81894770201824
-47.9000000000016 6.82367567406637
-47.8000000000016 6.82840364611449
-47.7000000000016 6.83313161816262
-47.6000000000016 6.83785959021074
-47.5000000000016 6.84258756225887
-47.4000000000016 6.84731553430699
-47.3000000000016 6.85204350635512
-47.2000000000016 6.85677147840324
-47.1000000000016 6.86149945045137
-47.0000000000016 6.86622742249949
-46.9000000000016 6.87095539454762
-46.8000000000016 6.87568336659574
-46.7000000000016 6.88041133864387
-46.6000000000016 6.88513931069199
-46.5000000000016 6.88986728274012
-46.4000000000016 6.89459525478824
-46.3000000000016 6.89932322683637
-46.2000000000016 6.90405119888449
-46.1000000000016 6.90877917093262
-46.0000000000015 6.91350714298074
-45.9000000000015 6.91823511502886
-45.8000000000015 6.92296308707699
-45.7000000000015 6.92769105912511
-45.6000000000015 6.93241903117324
-45.5000000000015 6.93714700322136
-45.4000000000015 6.94187497526949
-45.3000000000015 6.94660294731761
-45.2000000000015 6.95133091936574
-45.1000000000015 6.95605889141386
-45.0000000000015 6.96078686346199
-44.9000000000015 6.96551418258412
-44.8000000000015 6.97021016013509
-44.7000000000015 6.97490613768606
-44.6000000000015 6.97960211523703
-44.5000000000015 6.984298092788
-44.4000000000015 6.98899407033898
-44.3000000000015 6.99369004788995
-44.2000000000015 6.99838602544092
-44.1000000000015 7.00308200299189
-44.0000000000015 7.00777798054286
-43.9000000000015 7.01247395809384
-43.8000000000015 7.01716993564481
-43.7000000000015 7.0218004290841
-43.6000000000015 7.02638770756368
-43.5000000000015 7.03097498604326
-43.4000000000015 7.03556226452285
-43.3000000000015 7.04014954300243
-43.2000000000015 7.04473682148201
-43.1000000000015 7.04932409996159
-43.0000000000015 7.05391137844117
-42.9000000000015 7.05849865692075
-42.8000000000015 7.06308593540033
-42.7000000000015 7.06767321387991
-42.6000000000015 7.07226049235949
-42.5000000000015 7.07684777083907
-42.4000000000015 7.08143504931865
-42.3000000000015 7.08602232779823
-42.2000000000015 7.09060960627781
-42.1000000000015 7.09519688475739
-42.0000000000015 7.09978416323698
-41.9000000000015 7.10437144171656
-41.8000000000015 7.10895872019614
-41.7000000000015 7.11354599867572
-41.6000000000015 7.1181332771553
-41.5000000000015 7.12272055563488
-41.4000000000015 7.12730783411446
-41.3000000000015 7.13189511259404
-41.2000000000015 7.13648239107362
-41.1000000000015 7.1410696695532
-41.0000000000015 7.14565694803278
-40.9000000000015 7.15024422651236
-40.8000000000015 7.15483150499194
-40.7000000000015 7.15941878347153
-40.6000000000015 7.16400606195111
-40.5000000000015 7.16859334043069
-40.4000000000015 7.17318061891027
-40.3000000000015 7.17776789738985
-40.2000000000015 7.18235517586943
-40.1000000000015 7.18694245434901
-40.0000000000015 7.19152973282859
-39.9000000000015 7.19611701130817
-39.8000000000015 7.20070428978775
-39.7000000000015 7.20529156826733
-39.6000000000015 7.20987884674691
-39.5000000000015 7.21446612522649
-39.4000000000015 7.21905340370607
-39.3000000000015 7.22364068218566
-39.2000000000015 7.22822796066524
-39.1000000000015 7.23281523914482
-39.0000000000014 7.2374025176244
-38.9000000000014 7.24198979610398
-38.8000000000014 7.24657707458356
-38.7000000000014 7.25116435306314
-38.6000000000014 7.25575163154272
-38.5000000000014 7.2603389100223
-38.4000000000014 7.26492618850188
-38.3000000000014 7.26951346698146
-38.2000000000014 7.27410074546104
-38.1000000000014 7.27868802394062
-38.0000000000014 7.28327530242021
-37.9000000000014 7.28786258089979
-37.8000000000014 7.29244985937937
-37.7000000000014 7.29703713785895
-37.6000000000014 7.30162441633853
-37.5000000000014 7.30621169481811
-37.4000000000014 7.31079897329769
-37.3000000000014 7.31538625177727
-37.2000000000014 7.27488328277451
-37.1000000000014 7.27808745081754
-37.0000000000014 7.28129161886057
-36.9000000000014 7.2844957869036
-36.8000000000014 7.28769995494663
-36.7000000000014 7.29090412298966
-36.6000000000014 7.29410829103269
-36.5000000000014 7.29731245907573
-36.4000000000014 7.30051536970273
-36.3000000000014 7.30211729125053
-36.2000000000014 7.30371921279833
-36.1000000000014 7.30532113434613
-36.0000000000014 7.30692305589393
-35.9000000000014 7.30852497744173
-35.8000000000014 7.31012689898953
-35.7000000000014 7.31172882053733
-35.6000000000014 7.31333074208513
-35.5000000000014 7.31493266363294
-35.4000000000014 7.31653458518074
-35.3000000000014 7.31813650672854
-35.2000000000014 7.31973842827634
-35.1000000000014 7.32134034982414
-35.0000000000014 7.32294227137194
-34.9000000000014 7.32454419291974
-34.8000000000014 7.32614611446754
-34.7000000000014 7.32774803601534
-34.6000000000014 7.32934995756314
-34.5000000000014 7.33095187911095
-34.4000000000014 7.33255380065875
-34.3000000000014 7.33415572220655
-34.2000000000014 7.33575764375435
-34.1000000000014 7.33735956530215
-34.0000000000014 7.33896148684995
-33.9000000000014 7.34056340839775
-33.8000000000014 7.34216532994555
-33.7000000000014 7.34376725149335
-33.6000000000014 7.34536917304115
-33.5000000000014 7.34697109458896
-33.4000000000014 7.34857301613676
-33.3000000000014 7.35017493768456
-33.2000000000014 7.35177685923236
-33.1000000000014 7.35337878078016
-33.0000000000014 7.35498070232796
-32.9000000000014 7.35658262387576
-32.8000000000014 7.35818454542356
-32.7000000000014 7.35978646697136
-32.6000000000014 7.36138838851917
-32.5000000000014 7.36299031006696
-32.4000000000014 7.36459223161477
-32.3000000000014 7.36619415316257
-32.2000000000014 7.36779607471037
-32.1000000000014 7.36939799625817
-32.0000000000014 7.37099991780597
-31.9000000000013 7.37260183935377
-31.8000000000013 7.37215286637033
-31.7000000000013 7.3702495980798
-31.6000000000013 7.36834632978927
-31.5000000000013 7.36644306149874
-31.4000000000013 7.3645397932082
-31.3000000000013 7.36263652491767
-31.2000000000013 7.36073325662715
-31.1000000000013 7.35882998833661
-31.0000000000013 7.35692672004608
-30.9000000000013 7.35464071559397
-30.8000000000013 7.35270831448149
-30.7000000000013 7.35080982554315
-30.6000000000013 7.34891133660481
-30.5000000000013 7.34701284766647
-30.4000000000013 7.34511435872812
-30.3000000000013 7.34321586978978
-30.2000000000013 7.34131738085144
-30.1000000000013 7.33941889191309
-30.0000000000013 7.33752040297475
-29.9000000000013 7.33562191403641
-29.8000000000013 7.33379626950752
-29.7000000000013 7.33827189918719
-29.6000000000013 7.34274752886687
-29.5000000000013 7.34722315854655
-29.4000000000013 7.35169878822623
-29.3000000000013 7.35617441790591
-29.2000000000013 7.36065004758558
-29.1000000000013 7.36512567726526
-29.0000000000013 7.36960130694494
-28.9000000000013 7.37407693662462
-28.8000000000013 7.3785525663043
-28.7000000000013 7.38302819598398
-28.6000000000013 7.38750382566365
-28.5000000000013 7.39197945534333
-28.4000000000013 7.39645508502301
-28.3000000000013 7.40093071470269
-28.2000000000013 7.40540634438236
-28.1000000000013 7.40988197406204
-28.0000000000013 7.41139850488014
-27.9000000000013 7.41168595577543
-27.8000000000013 7.41197340667073
-27.7000000000013 7.41226085756603
-27.6000000000013 7.41254830846133
-27.5000000000013 7.41283575935662
-27.4000000000013 7.41312321025192
-27.3000000000013 7.41341066114722
-27.2000000000013 7.41369811204251
-27.1000000000013 7.41398556293781
-27.0000000000013 7.41427301383311
-26.9000000000013 7.4145604647284
-26.8000000000013 7.4148479156237
-26.7000000000013 7.415135366519
-26.6000000000013 7.4154228174143
-26.5000000000013 7.41571026830959
-26.4000000000013 7.41599771920489
-26.3000000000013 7.41628517010019
-26.2000000000013 7.41657262099548
-26.1000000000013 7.41686007189078
-26.0000000000013 7.41714752278608
-25.9000000000013 7.41743497368138
-25.8000000000013 7.41772242457667
-25.7000000000013 7.41800987547197
-25.6000000000013 7.41829732636727
-25.5000000000013 7.41858477726256
-25.4000000000013 7.41887222815786
-25.3000000000013 7.41915967905316
-25.2000000000013 7.41944712994846
-25.1000000000013 7.41973458084375
-25.0000000000013 7.42002203173905
-24.9000000000012 7.42030948263435
-24.8000000000012 7.42059693352965
-24.7000000000012 7.42088438442494
-24.6000000000012 7.42073183095372
-24.5000000000012 7.42014887823449
-24.4000000000012 7.41956592551526
-24.3000000000012 7.41898297279603
-24.2000000000012 7.4184000200768
-24.1000000000012 7.41781706735756
-24.0000000000012 7.41723411463833
-23.9000000000012 7.4166511619191
-23.8000000000012 7.41606820919987
-23.7000000000012 7.41548525648064
-23.6000000000012 7.41490230376141
-23.5000000000012 7.41431935104218
-23.4000000000012 7.41373639832295
-23.3000000000012 7.41315344560372
-23.2000000000012 7.41257049288449
-23.1000000000012 7.41198754016526
-23.0000000000012 7.41140458744603
-22.9000000000012 7.4108216347268
-22.8000000000012 7.41023868200757
-22.7000000000012 7.40965572928834
-22.6000000000012 7.40907277656911
-22.5000000000012 7.40848982384987
-22.4000000000012 7.40790687113064
-22.3000000000012 7.40732391841141
-22.2000000000012 7.40674096569218
-22.1000000000012 7.40740170937764
-22.0000000000012 7.41353309148829
-21.9000000000012 7.41966447359895
-21.8000000000012 7.42579585570961
-21.7000000000012 7.43192723782026
-21.6000000000012 7.43805861993092
-21.5000000000012 7.44419000204158
-21.4000000000012 7.45032138415223
-21.3000000000012 7.45645276626289
-21.2000000000012 7.46258414837355
-21.1000000000012 7.4687155304842
-21.0000000000012 7.47484691259486
-20.9000000000012 7.48097829470552
-20.8000000000012 7.48710967681617
-20.7000000000012 7.49324105892683
-20.6000000000012 7.49937244103749
-20.5000000000012 7.50550382314814
-20.4000000000012 7.5116352052588
-20.3000000000012 7.51776658736946
-20.2000000000012 7.52389796948011
-20.1000000000012 7.53002935159077
-20.0000000000012 7.53616073370143
-19.9000000000012 7.54229211581208
-19.8000000000012 7.54655830731277
-19.7000000000012 7.55060496513846
-19.6000000000012 7.55465162296414
-19.5000000000012 7.55869828078983
-19.4000000000012 7.56274493861552
-19.3000000000012 7.5667915964412
-19.2000000000012 7.57067855958659
-19.1000000000012 7.57383945235983
-19.0000000000012 7.57700034513308
-18.9000000000012 7.58016123790632
-18.8000000000012 7.58332213067957
-18.7000000000012 7.58648302345282
-18.6000000000012 7.58972145873963
-18.5000000000012 7.59302094715833
-18.4000000000012 7.59632043557703
-18.3000000000012 7.59961992399573
-18.2000000000012 7.60291941241443
-18.1000000000012 7.60621890083313
-18.0000000000012 7.60951838925183
-17.9000000000011 7.61281787767053
-17.8000000000011 7.61611736608922
-17.7000000000011 7.61941685450792
-17.6000000000011 7.62271634292662
-17.5000000000011 7.62601583134532
-17.4000000000011 7.62931531976402
-17.3000000000011 7.63261480818272
-17.2000000000011 7.63591429660142
-17.1000000000011 7.63921378502012
-17.0000000000011 7.64251327343882
-16.9000000000011 7.64581276185752
-16.8000000000011 7.64911225027622
-16.7000000000011 7.65241173869491
-16.6000000000011 7.65571122711361
-16.5000000000011 7.65901071553231
-16.4000000000011 7.66231020395101
-16.3000000000011 7.66560969236971
-16.2000000000011 7.66890918078841
-16.1000000000011 7.67220866920711
-16.0000000000011 7.67550815762581
-15.9000000000011 7.67880764604451
-15.8000000000011 7.68210713446321
-15.7000000000011 7.6854066228819
-15.6000000000011 7.68726697599247
-15.5000000000011 7.68563847568691
-15.4000000000011 7.68400997538136
-15.3000000000011 7.68652264142255
-15.2000000000011 7.69793964216812
-15.1000000000011 7.70935664291368
-15.0000000000011 7.72077364365925
-14.9000000000011 7.73303237891239
-14.8000000000011 7.74946326951275
-14.7000000000011 7.76589416011311
-14.6000000000011 7.78232505071347
-14.5000000000011 7.79875594131382
-14.4000000000011 7.81518683191418
-14.3000000000011 7.83161772251454
-14.2000000000011 7.8480486131149
-14.1000000000011 7.86447950371526
-14.0000000000011 7.88091039431562
-13.9000000000011 7.89734128491598
-13.8000000000011 7.91377217551634
-13.7000000000011 7.93020306611669
-13.6000000000011 7.94595602558848
-13.5000000000011 7.95271805878743
-13.4000000000011 7.95948009198639
-13.3000000000011 7.96624212518534
-13.2000000000011 7.9730041583843
-13.1000000000011 7.97976619158325
-13.0000000000011 7.98652822478221
-12.9000000000011 7.99329025798116
-12.8000000000011 8.00005229118011
-12.7000000000011 8.00681432437907
-12.6000000000011 8.01357635757802
-12.5000000000011 8.02033839077697
-12.4000000000011 8.02710042397593
-12.3000000000011 8.03386245717488
-12.2000000000011 8.04062449037384
-12.1000000000011 8.04738652357279
-12.0000000000011 8.05414855677174
-11.9000000000011 8.0609105899707
-11.8000000000011 8.06767262316965
-11.7000000000011 8.07507384314429
-11.6000000000011 8.08367942692512
-11.5000000000011 8.09228501070595
-11.4000000000011 8.10089059448678
-11.3000000000011 8.10949617826761
-11.2000000000011 8.11810176204844
-11.1000000000011 8.12670734582926
-11.0000000000011 8.13502804751724
-10.9000000000011 8.14058480673932
-10.8000000000011 8.14614156596141
-10.7000000000011 8.15169832518349
-10.6000000000011 8.15725508440557
-10.5000000000011 8.16281184362766
-10.4000000000011 8.16836860284974
-10.3000000000011 8.17392536207182
-10.2000000000011 8.1794821212939
-10.1000000000011 8.18503888051599
-10.0000000000011 8.19059563973807
-9.90000000000114 8.19615239896016
-9.80000000000114 8.20170915818224
-9.70000000000115 8.20726591740432
-9.60000000000115 8.21169073048703
-9.50000000000115 8.21578909454002
-9.40000000000115 8.21988745859301
-9.30000000000115 8.223985822646
-9.20000000000115 8.22808418669899
-9.10000000000115 8.23218255075197
-9.00000000000115 8.23628091480496
-8.90000000000115 8.24037927885795
-8.80000000000115 8.24447764291094
-8.70000000000115 8.24857600696393
-8.60000000000115 8.25267437101692
-8.50000000000115 8.25677273506991
-8.40000000000115 8.2608710991229
-8.30000000000115 8.26496946317588
-8.20000000000115 8.26906782722887
-8.10000000000115 8.27316619128186
-8.00000000000115 8.27726455533485
-7.90000000000115 8.28136291938784
-7.80000000000115 8.28546128344083
-7.70000000000115 8.28955964749382
-7.60000000000115 8.29365801154681
-7.50000000000115 8.2977563755998
-7.40000000000115 8.30185473965278
-7.30000000000115 8.30595310370577
-7.20000000000115 8.31005146775876
-7.10000000000115 8.31414983181175
-7.00000000000115 8.31871394181277
-6.90000000000115 8.32460403584754
-6.80000000000116 8.33049412988232
-6.70000000000116 8.3363842239171
-6.60000000000116 8.34227431795188
-6.50000000000116 8.34816441198666
-6.40000000000116 8.35405450602144
-6.30000000000116 8.35994460005621
-6.20000000000116 8.36583469409099
-6.10000000000116 8.37172478812577
-6.00000000000116 8.37766260961573
-5.90000000000116 8.38787161855129
-5.80000000000116 8.39808062748686
-5.70000000000116 8.40828963642242
-5.60000000000116 8.41849864535798
-5.50000000000116 8.42870765429354
-5.40000000000116 8.4389166632291
-5.30000000000116 8.44912567216466
-5.20000000000116 8.45933468110023
-5.10000000000116 8.46954369003579
-5.00000000000116 8.47975269897135
-4.90000000000116 8.48996170790691
-4.80000000000116 8.50017071684247
-4.70000000000116 8.51037972577803
-4.60000000000116 8.52058873471359
-4.50000000000116 8.53079774364916
-4.40000000000116 8.54100675258472
-4.30000000000116 8.55121576152028
-4.20000000000116 8.56142477045584
-4.10000000000116 8.57163377939141
-4.00000000000117 8.58184278832697
-3.90000000000117 8.59205179726253
-3.80000000000117 8.60226080619809
-3.70000000000117 8.61246981513365
-3.60000000000116 8.62267882406921
-3.50000000000116 8.63075943552746
-3.40000000000116 8.63601670121521
-3.30000000000116 8.64127396690296
-3.20000000000116 8.64653123259072
-3.10000000000116 8.65178849827847
-3.00000000000116 8.65704576396622
-2.90000000000116 8.66230302965397
-2.80000000000116 8.66756029534172
-2.70000000000116 8.67281756102948
-2.60000000000116 8.67807482671723
-2.50000000000116 8.68333209240498
-2.40000000000116 8.68858935809273
-2.30000000000116 8.69384662378048
-2.20000000000116 8.69910388946823
-2.10000000000116 8.70436115515599
-2.00000000000116 8.70961842084374
-1.90000000000116 8.71487568653149
-1.80000000000116 8.72013295221924
-1.70000000000116 8.72539021790699
-1.60000000000116 8.73064748359475
-1.50000000000116 8.7359047492825
-1.40000000000116 8.74116201497025
-1.30000000000116 8.746419280658
-1.20000000000116 8.75167654634575
-1.10000000000116 8.7569338120335
-1.00000000000116 8.76219107772125
-0.900000000001163 8.76744834340901
-0.800000000001163 8.77270560909676
-0.700000000001163 8.77796287478451
-0.600000000001163 8.78322014047226
-0.500000000001163 8.78847740616001
-0.400000000001163 8.79373467184777
-0.300000000001163 8.79899193753552
-0.200000000001163 8.80424920322327
-0.100000000001163 8.80950646891102
-1.16276432926554e-12 8.81476373459877
0.0999999999988372 8.8223734433744
0.199999999998837 8.83035696688044
0.299999999998837 8.83834049038647
0.399999999998837 8.84632401389251
0.499999999998837 8.85430753739855
0.599999999998837 8.86229106090458
0.699999999998837 8.87027458441062
0.799999999998837 8.87825810791665
0.899999999998837 8.88624163142269
0.999999999998837 8.89422515492873
1.09999999999884 8.90220867843476
1.19999999999884 8.91063253717717
1.29999999999884 8.91928071029671
1.39999999999884 8.92792888341625
1.49999999999884 8.93657705653579
1.59999999999884 8.94522522965533
1.69999999999884 8.95387340277487
1.79999999999884 8.96252157589441
1.89999999999884 8.97116974901395
1.99999999999884 8.97981792213349
2.09999999999884 8.98846609525303
2.19999999999884 8.99711426837257
2.29999999999884 9.00576244149211
2.39999999999884 9.01441061461165
2.49999999999884 9.02305878773119
2.59999999999884 9.03170696085073
2.69999999999884 9.04035513397027
2.79999999999884 9.04900330708981
2.89999999999884 9.05765148020935
2.99999999999884 9.06629965332889
3.09999999999884 9.07494782644843
3.19999999999884 9.08359599956797
3.29999999999884 9.09187798643692
3.39999999999884 9.09971587020166
3.49999999999884 9.1075537539664
3.59999999999884 9.11539163773115
3.69999999999884 9.12322952149589
3.79999999999884 9.13106740526064
3.89999999999884 9.13890528902538
3.99999999999884 9.14674317279012
4.09999999999884 9.15458105655487
4.19999999999884 9.16286929535876
4.29999999999884 9.17122106338284
4.39999999999884 9.17957283140693
4.49999999999884 9.18792459943102
4.59999999999884 9.19627636745511
4.69999999999884 9.20462813547919
4.79999999999884 9.21417827091
4.89999999999884 9.22551439544428
4.99999999999884 9.23685051997857
5.09999999999884 9.24818664451285
5.19999999999884 9.25952276904714
5.29999999999884 9.27189812667651
5.39999999999884 9.28434849558599
5.49999999999883 9.29679886449548
5.59999999999883 9.30924923340496
5.69999999999883 9.32169960231445
5.79999999999883 9.33414997122393
5.89999999999883 9.34660034013341
5.99999999999883 9.3590507090429
6.09999999999883 9.37150107795238
6.19999999999883 8.70194192516424
6.29999999999883 8.71529004992323
6.39999999999883 8.72863817468221
6.49999999999883 8.7419862994412
6.59999999999883 8.75533442420019
6.69999999999883 8.76868254895917
6.79999999999883 8.78203067371816
6.89999999999883 8.79537879847715
6.99999999999883 8.80872692323613
7.09999999999883 8.82207504799512
7.19999999999883 8.8354231727541
7.29999999999883 8.84877129751309
7.39999999999883 8.86211942227208
7.49999999999883 8.87570659762804
7.59999999999883 8.89143639111015
7.69999999999883 8.90716618459226
7.79999999999883 8.92289597807437
7.89999999999883 8.93862577155648
7.99999999999883 8.95435556503859
8.09999999999883 8.9700853585207
8.19999999999883 8.98581515200281
8.29999999999882 9.00154494548492
8.39999999999882 9.01727473896703
8.49999999999882 9.03300453244914
8.59999999999882 9.04929463392356
8.69999999999882 9.06577553397414
8.79999999999882 9.08225643402473
8.89999999999882 9.09873733407532
8.99999999999882 9.11521823412591
9.09999999999882 9.1316991341765
9.19999999999882 9.14818003422709
9.29999999999882 9.16466093427767
9.39999999999882 9.18114183432826
9.49999999999882 9.19762273437885
9.59999999999882 9.21410363442944
9.69999999999882 9.23058453448003
9.79999999999882 9.24685753316589
9.89999999999882 9.26239000637423
9.99999999999882 9.27792247958257
10.0999999999988 9.2934549527909
10.1999999999988 9.30898742599924
10.2999999999988 9.32451989920758
10.3999999999988 9.34005237241591
10.4999999999988 9.35558484562425
10.5999999999988 9.37111731883258
10.6999999999988 9.38664979204092
10.7999999999988 9.40218226524926
10.8999999999988 9.41682453535986
10.9999999999988 9.43000201639511
11.0999999999988 9.44317949743037
11.1999999999988 9.45635697846562
11.2999999999988 9.46953445950087
11.3999999999988 9.48271194053613
11.4999999999988 9.49588942157138
11.5999999999988 9.50906690260663
11.6999999999988 9.52224438364189
11.7999999999988 9.53542186467714
11.8999999999988 9.54859934571239
11.9999999999988 9.56177682674765
12.0999999999988 9.5749543077829
12.1999999999988 9.58813178881815
12.2999999999988 9.60130926985341
12.3999999999988 9.61448675088866
12.4999999999988 9.62766423192391
12.5999999999988 9.64084171295917
12.6999999999988 9.65401919399442
12.7999999999988 9.66719667502968
12.8999999999988 9.68037415606493
12.9999999999988 9.69355163710018
13.0999999999988 9.70672911813544
13.1999999999988 9.71990659917069
13.2999999999988 9.73308408020594
13.3999999999988 9.74626156124119
13.4999999999988 9.75943904227645
13.5999999999988 9.7726165233117
13.6999999999988 9.78579400434696
13.7999999999988 9.79895633180465
13.8999999999988 9.81181760655124
13.9999999999988 9.82490412724781
14.0999999999988 9.83799064794438
14.1999999999988 9.85088256764534
14.2999999999988 9.86366385546133
14.3999999999988 9.87644514327731
14.4999999999988 9.8892264310933
14.5999999999988 9.90200771890929
14.6999999999988 9.91478900672528
14.7999999999988 9.92757029454126
14.8999999999988 9.94035158235725
14.9999999999988 9.95313287017324
15.0999999999988 9.96591415798922
15.1999999999988 9.97869544580521
15.2999999999988 9.9914767336212
15.3999999999988 10.0042580214372
15.4999999999988 10.0170393092532
15.5999999999988 10.0298205970692
15.6999999999988 10.0426018848851
15.7999999999988 10.0553831727011
15.8999999999988 10.0681644605171
15.9999999999988 10.0809457483331
16.0999999999988 10.0937270361491
16.1999999999988 10.1065083239651
16.2999999999988 10.1192896117811
16.3999999999988 10.1320708995971
16.4999999999988 10.144852187413
16.5999999999988 10.157633475229
16.6999999999988 10.170414763045
16.7999999999988 10.183196050861
16.8999999999988 10.195977338677
16.9999999999988 10.208758626493
17.0999999999988 10.221539914309
17.1999999999988 10.234321202125
17.2999999999988 10.2471024899409
17.3999999999988 10.2598837777569
17.4999999999988 10.2726650655729
17.5999999999988 10.2854463533889
17.6999999999988 10.2982276412049
17.7999999999988 10.3110089290209
17.8999999999988 10.3237902168369
17.9999999999988 10.3365715046529
18.0999999999988 10.3493527924688
18.1999999999988 10.3621340802848
18.2999999999988 10.3749153681008
18.3999999999988 10.3876966559168
18.4999999999988 10.4004779437328
18.5999999999988 10.4132592315488
18.6999999999988 10.4260405193648
18.7999999999988 10.4388218071808
18.8999999999988 10.4516030949967
18.9999999999988 10.4643843828127
19.0999999999988 10.4761536301877
19.1999999999988 10.4876878445309
19.2999999999988 10.4992220588741
19.3999999999988 10.5107562732173
19.4999999999988 10.5222904875605
19.5999999999988 10.5338247019037
19.6999999999988 10.5453589162469
19.7999999999988 10.5568931305901
19.8999999999989 10.5684273449334
19.9999999999989 10.5799615592766
20.0999999999989 10.5914957736198
20.1999999999989 10.603029987963
20.2999999999989 10.6145642023062
20.3999999999989 10.6260984166494
20.4999999999989 10.6376326309926
20.5999999999989 10.6491668453358
20.6999999999989 10.660701059679
20.7999999999989 10.6722352740222
20.8999999999989 10.6837694883654
20.9999999999989 10.6953037027087
21.0999999999989 10.7068379170519
21.1999999999989 10.7183721313951
21.2999999999989 10.7299063457383
21.3999999999989 10.7414405600815
21.4999999999989 10.7529747744247
21.5999999999989 10.7645089887679
21.6999999999989 10.7760432031111
21.7999999999989 10.7875774174543
21.8999999999989 10.7991116317975
21.9999999999989 10.8106458461407
22.0999999999989 10.8242867231161
22.1999999999989 10.8393646415971
22.2999999999989 10.8544425600781
22.3999999999989 10.8695204785591
22.4999999999989 10.8845983970402
22.5999999999989 10.8996763155212
22.6999999999989 10.9147542340022
22.7999999999989 10.9298321524832
22.8999999999989 10.9449100709642
22.9999999999989 10.9599879894453
23.0999999999989 10.9750659079263
23.1999999999989 10.9901438264073
23.2999999999989 11.0052217448883
23.3999999999989 11.0202996633693
23.4999999999989 11.0353775818503
23.5999999999989 11.0504555003314
23.6999999999989 11.0655334188124
23.7999999999989 11.0806113372934
23.8999999999989 11.0956892557744
23.9999999999989 11.1107671742554
24.0999999999989 11.1258450927365
24.1999999999989 11.1409230112175
24.2999999999989 11.1560009296985
24.3999999999989 11.1710788481795
24.4999999999989 11.1861567666605
24.5999999999989 11.2012346851415
24.6999999999989 11.2163126036226
24.7999999999989 11.2313905221036
24.8999999999989 11.2464684405846
24.9999999999989 11.2615463590656
25.0999999999989 11.2766242775466
25.1999999999989 11.2917021960277
25.2999999999989 11.3067801145087
25.3999999999989 11.3218580329897
25.4999999999989 11.3369359514707
25.5999999999989 11.3520138699517
25.6999999999989 11.3670917884327
25.7999999999989 11.3821697069138
25.8999999999989 11.3972476253948
25.9999999999989 11.4123255438758
26.0999999999989 11.4274034623568
26.1999999999989 11.4424813808378
26.2999999999989 11.4575592993189
26.3999999999989 11.4726372177999
26.4999999999989 11.4877151362809
26.5999999999989 11.5027930547619
26.6999999999989 11.5178709732429
26.7999999999989 11.532948891724
26.899999999999 11.5119215297122
26.999999999999 11.5268228484258
27.099999999999 11.5417241671394
27.199999999999 11.556625485853
27.299999999999 11.5715268045666
27.399999999999 11.5864281232802
27.499999999999 11.6013294419938
27.599999999999 11.6162307607074
27.699999999999 11.631132079421
27.799999999999 11.6460333981346
27.899999999999 11.6609347168482
27.999999999999 11.6758360355618
28.099999999999 11.6907373542754
28.199999999999 11.705638672989
28.299999999999 11.7205399917027
28.399999999999 11.7354413104163
28.499999999999 11.7503426291299
28.599999999999 11.7652439478435
28.699999999999 11.7801452665571
28.799999999999 11.7950465852707
28.899999999999 11.8099479039843
28.999999999999 11.8248492226979
29.099999999999 11.8397505414115
29.199999999999 11.8546518601251
29.299999999999 11.8695531788387
29.399999999999 11.8844544975523
29.499999999999 11.8993558162659
29.599999999999 11.9142571349795
29.699999999999 11.9291584536931
29.799999999999 11.9440597724067
29.899999999999 11.9589610911204
29.999999999999 11.973862409834
30.099999999999 11.9887637285476
30.199999999999 12.0036650472612
30.299999999999 12.0184757767961
30.399999999999 12.0332122346131
30.499999999999 12.0479486924301
30.599999999999 12.0626851502471
30.699999999999 12.0774216080641
30.799999999999 12.0921580658811
30.899999999999 12.106894523698
30.999999999999 12.121630981515
31.099999999999 12.136367439332
31.199999999999 12.151103897149
31.299999999999 12.165840354966
31.399999999999 12.180576812783
31.499999999999 12.1953132705999
31.599999999999 12.2100497284169
31.699999999999 12.2247861862339
31.799999999999 12.2395226440509
31.899999999999 12.2542591018679
31.999999999999 12.2689955596848
32.099999999999 12.2837320175018
32.199999999999 12.298438169385
32.299999999999 12.3119554018358
32.399999999999 12.32612556103
32.499999999999 12.342326355688
32.599999999999 12.358527150346
32.699999999999 12.374727945004
32.799999999999 12.3909287396621
32.899999999999 12.4071295343201
32.999999999999 12.4233303289781
33.099999999999 12.4395311236361
33.199999999999 12.4557319182941
33.299999999999 12.4719327129521
33.399999999999 12.4881335076101
33.499999999999 12.5043343022681
33.599999999999 12.5205350969261
33.699999999999 12.5367358915841
33.799999999999 12.5529366862422
33.899999999999 12.5691374809002
33.999999999999 12.5793941087982
34.099999999999 12.5890733962308
34.1999999999991 12.5987526836634
34.2999999999991 12.608431971096
34.3999999999991 12.6181112585286
34.4999999999991 12.6277905459612
34.5999999999991 12.6393061968312
34.6999999999991 12.6510062063621
34.7999999999991 12.6627062158931
34.8999999999991 12.674406225424
34.9999999999991 12.686106234955
35.0999999999991 12.8167952001332
35.1999999999991 12.8369213439066
35.2999999999991 12.85704748768
35.3999999999991 12.8771736314534
35.4999999999991 12.899228443261
35.5999999999991 12.9227680061089
35.6999999999991 12.9463075689569
35.7999999999991 12.9698471318049
35.8999999999991 12.9933866946528
35.9999999999991 13.0169262575008
36.0999999999991 13.0404658203488
36.1999999999991 13.0640053831967
36.2999999999991 13.0787018606724
36.3999999999991 13.0928222201466
36.4999999999991 13.1069425796208
36.5999999999991 13.1210629390951
36.6999999999991 13.1351832985693
36.7999999999991 13.1493036580436
36.8999999999991 13.1634240175178
36.9999999999991 13.177544376992
37.0999999999991 13.1916647364663
37.1999999999991 13.2057850959405
37.2999999999991 13.2178280966931
37.3999999999991 13.2288848006673
37.4999999999991 13.2399415046415
37.5999999999991 13.2509982086156
37.6999999999991 13.2620549125898
37.7999999999991 13.273111616564
37.8999999999991 13.2841683205382
37.9999999999991 13.2970447500834
38.0999999999991 13.3104449967039
38.1999999999991 12.9523065541554
38.2999999999991 12.969056862431
38.3999999999991 12.9858071707065
38.4999999999991 13.0025574789821
38.5999999999991 13.0193077872577
38.6999999999991 13.0360580955333
38.7999999999991 13.0528084038088
38.8999999999991 13.0695587120844
38.9999999999991 13.08630902036
39.0999999999991 13.1030593286355
39.1999999999991 13.1198096369111
39.2999999999991 13.1365599451867
39.3999999999991 13.1533102534623
39.4999999999991 13.1700605617378
39.5999999999991 13.1868108700134
39.6999999999991 13.2035223342293
39.7999999999991 13.2187264185153
39.8999999999991 13.2339305028014
39.9999999999991 13.2491345870874
40.0999999999991 13.2643386713735
40.1999999999991 13.2795427556595
40.2999999999991 13.2947468399455
40.3999999999991 13.3099509242316
40.4999999999991 13.3251550085176
40.5999999999991 13.3403590928037
40.6999999999991 13.3556716903345
40.7999999999991 13.3710018838485
40.8999999999991 13.3863320773625
40.9999999999991 13.4016622708765
41.0999999999991 13.4169924643904
41.1999999999992 13.4323226579044
41.2999999999992 13.4476528514184
41.3999999999992 13.4629830449323
41.4999999999992 13.4783132384463
41.5999999999992 13.4936434319603
41.6999999999992 13.5089736254743
41.7999999999992 13.5243038189882
41.8999999999992 13.5396340125022
41.9999999999992 13.5549642060162
42.0999999999992 13.5702943995302
42.1999999999992 13.5856245930441
42.2999999999992 13.6009547865581
42.3999999999992 13.6162849800721
42.4999999999992 13.631615173586
42.5999999999992 13.6469453671
42.6999999999992 13.662275560614
42.7999999999992 13.677605754128
42.8999999999992 13.6929359476419
42.9999999999992 13.7082661411559
43.0999999999992 13.7235963346699
43.1999999999992 13.7389265281839
43.2999999999992 13.7542567216978
43.3999999999992 13.7695869152118
43.4999999999992 13.7849171087258
43.5999999999992 13.8002473022398
43.6999999999992 13.8155774957537
43.7999999999992 13.8309076892677
43.8999999999992 13.8462378827817
43.9999999999992 13.8615680762956
44.0999999999992 13.8768982698096
44.1999999999992 13.8922284633236
44.2999999999992 13.9075586568376
44.3999999999992 13.9228888503515
44.4999999999992 13.9382190438655
44.5999999999992 13.9535492373795
44.6999999999992 13.9688794308935
44.7999999999992 13.9842096244074
44.8999999999992 13.9995398179214
44.9999999999992 14.0148700114354
45.0999999999992 14.0302002049493
45.1999999999992 14.0455303984633
45.2999999999992 14.0608605919773
45.3999999999992 14.0761907854913
45.4999999999992 14.0915209790052
45.5999999999992 14.1068511725192
45.6999999999992 14.1221813660332
45.7999999999992 14.1375115595472
45.8999999999992 14.1528417530611
45.9999999999992 14.1681719465751
46.0999999999992 14.1835021400891
46.1999999999992 14.198832333603
46.2999999999992 14.214162527117
46.3999999999992 14.229492720631
46.4999999999992 14.244822914145
46.5999999999992 14.2601531076589
46.6999999999992 14.2754833011729
46.7999999999992 14.2908134946869
46.8999999999992 14.3061436882009
46.9999999999992 14.3214738817148
47.0999999999992 14.3368040752288
47.1999999999992 14.3521342687428
47.2999999999992 14.3674644622567
47.3999999999992 14.3827946557707
47.4999999999992 14.3981248492847
47.5999999999992 14.4134550427987
47.6999999999992 14.4287852363126
47.7999999999992 14.4441154298266
47.8999999999992 14.4594456233406
47.9999999999992 14.4747758168546
48.0999999999992 14.4901060103685
48.1999999999992 14.5054362038825
48.2999999999993 14.5207663973965
48.3999999999993 14.5360965909105
48.4999999999993 14.5514267844244
48.5999999999993 14.5667569779384
48.6999999999993 14.5820871714524
48.7999999999993 14.5974173649663
48.8999999999993 14.6127475584803
48.9999999999993 14.6280777519943
49.0999999999993 14.6434079455083
49.1999999999993 14.6587381390222
49.2999999999993 14.6740683325362
49.3999999999993 14.6893985260502
49.4999999999993 14.7047287195642
49.5999999999993 14.7214454117051
49.6999999999993 14.7448711340619
49.7999999999993 14.7682968564187
49.8999999999993 14.7917225787755
49.9999999999993 14.8151483011323
50.0999999999993 14.8385740234891
50.1999999999993 14.861999745846
50.2999999999993 14.8854254682028
50.3999999999993 14.9088511905596
50.4999999999993 14.9343677581986
50.5999999999993 14.9623418482422
50.6999999999993 14.9903159382858
50.7999999999993 15.0182900283294
50.8999999999993 15.046264118373
50.9999999999993 15.0742382084166
51.0999999999993 15.1022122984602
51.1999999999993 15.1301863885038
51.2999999999993 15.1581604785475
51.3999999999993 15.1866184573894
51.4999999999993 15.215520462813
51.5999999999993 15.2444224682366
51.6999999999993 15.2713728851516
51.7999999999993 15.2959042442731
51.8999999999993 15.3204356033946
51.9999999999993 15.3449669625162
52.0999999999993 15.3694983216377
52.1999999999993 15.3940296807592
52.2999999999993 15.4185610398808
52.3999999999993 15.4430923990023
52.4999999999993 15.4653004310136
52.5999999999993 15.4787915499039
52.6999999999993 15.4922826687942
52.7999999999993 15.5057737876845
52.8999999999993 15.5192649065749
52.9999999999993 15.5327560254652
53.0999999999993 15.5462471443555
53.1999999999993 15.5597382632458
53.2999999999993 15.5732293821361
53.3999999999993 15.5867205010265
53.4999999999993 15.6002116199168
53.5999999999993 15.6137027388071
53.6999999999993 15.6271938576974
53.7999999999993 15.6406849765877
53.8999999999993 15.654176095478
53.9999999999993 15.6676672143684
54.0999999999993 15.6811583332587
54.1999999999993 15.694649452149
54.2999999999993 15.7081405710393
54.3999999999993 15.7216316899296
54.4999999999993 15.6732059950937
54.5999999999993 15.683888024481
54.6999999999993 15.6945700538683
54.7999999999993 15.7052520832556
54.8999999999993 15.7159341126429
54.9999999999993 15.7266161420302
55.0999999999993 15.7372981714175
55.1999999999993 15.7479802008048
55.2999999999994 15.7586622301921
55.3999999999994 15.7693442595794
55.4999999999994 15.7800262889667
55.5999999999994 15.790708318354
55.6999999999994 15.8013903477413
55.7999999999994 15.8120723771286
55.8999999999994 15.825789382501
55.9999999999994 15.8466173227242
56.0999999999994 15.8674452629475
56.1999999999994 15.8882732031707
56.2999999999994 15.9091659171964
56.3999999999994 15.9300999881078
56.4999999999994 15.9510340590191
56.5999999999994 15.6845315058631
56.6999999999994 15.7066172519173
56.7999999999994 15.7287029979715
56.8999999999994 15.7507887440257
56.9999999999994 15.7728744900798
57.0999999999994 15.794960236134
57.1999999999994 15.8170459821882
57.2999999999994 15.8446663394783
57.3999999999994 15.8726501239768
57.4999999999994 15.9006339084754
57.5999999999994 15.9286176929739
57.6999999999994 15.9566014774725
57.7999999999994 15.9845852619711
57.8999999999994 16.0125690464696
57.9999999999994 16.0405528309682
58.0999999999994 16.0685366154667
58.1999999999994 16.0965203999653
58.2999999999994 16.1211774428754
58.3999999999994 16.1441850231016
58.4999999999994 16.1671926033278
58.5999999999994 16.190200183554
58.6999999999994 16.2132077637801
58.7999999999994 16.2362153440063
58.8999999999994 16.2592229242325
58.9999999999994 16.2822305044587
59.0999999999994 16.3052380846848
59.1999999999994 16.328245664911
59.2999999999994 16.3512532451372
59.3999999999994 16.3742608253634
59.4999999999994 16.3972684055895
59.5999999999994 16.4202759858157
59.6999999999994 16.4432835660419
59.7999999999994 16.4662911462681
59.8999999999994 16.4892987264942
59.9999999999994 16.5123063067204
60.0999999999994 16.5334643013279
60.1999999999994 16.5464248406628
60.2999999999994 16.5593853799978
60.3999999999994 16.5723459193328
60.4999999999994 16.5853064586677
60.5999999999994 16.5982669980027
60.6999999999994 16.6112275373376
60.7999999999994 16.6241880766726
60.8999999999994 16.6371486160075
60.9999999999994 16.6501091553425
61.0999999999994 16.6630696946774
61.1999999999994 16.6760302340124
61.2999999999994 16.6889907733474
61.3999999999994 16.7019513126823
61.4999999999994 16.7149118520173
61.5999999999994 16.8034927169382
61.6999999999994 16.8250201919534
61.7999999999994 16.8465476669687
61.8999999999994 16.8680751419839
61.9999999999994 16.8954938839341
62.0999999999994 16.9230241224745
62.1999999999994 16.950554361015
62.2999999999995 16.9780845995554
62.3999999999995 17.0056148380958
62.4999999999995 17.0331450766363
62.5999999999995 17.0606753151767
62.6999999999995 17.0882055537172
62.7999999999995 17.1157357922576
62.8999999999995 17.1432660307981
62.9999999999995 17.1707962693385
63.0999999999995 17.198326507879
63.1999999999995 17.2258567464194
63.2999999999995 17.2533869849599
63.3999999999995 17.2809172235003
63.4999999999995 17.3084474620407
63.5999999999995 17.3359777005812
63.6999999999995 17.3635079391216
63.7999999999995 17.3910381776621
63.8999999999995 17.4185684162025
63.9999999999995 17.446098654743
64.0999999999995 17.4736288932834
64.1999999999995 17.5011591318239
64.2999999999995 17.5286893703643
64.3999999999995 17.5402763879875
64.4999999999994 17.5466451500108
64.5999999999994 17.5530139120342
64.6999999999994 17.5593826740575
64.7999999999994 17.5657514360808
64.8999999999994 17.5721201981041
64.9999999999994 17.5784889601274
65.0999999999994 17.5848577221507
65.1999999999994 17.591226484174
65.2999999999994 17.5975952461973
65.3999999999994 17.6039640082206
65.4999999999994 17.6103327702439
65.5999999999994 17.6167015322672
65.6999999999994 17.6230702942905
65.7999999999994 17.6294390563138
65.8999999999994 17.6358078183371
65.9999999999994 17.6421765803604
66.0999999999994 17.6485453423838
66.1999999999993 17.6549141044071
66.2999999999993 17.6659793231883
66.3999999999993 17.6899552976288
66.4999999999993 17.7139312720693
66.5999999999993 17.7379072465097
66.6999999999993 17.7618832209502
66.7999999999993 17.7858591953907
66.8999999999993 17.8098351698312
66.9999999999993 17.8338111442717
67.0999999999993 17.8577871187121
67.1999999999993 17.8817630931526
67.2999999999993 17.9057390675931
67.3999999999993 17.9297150420336
67.4999999999993 17.9536910164741
67.5999999999993 17.9776669909145
67.6999999999993 18.001642965355
67.7999999999993 18.0256189397955
67.8999999999993 18.049594914236
67.9999999999992 18.0735708886765
68.0999999999992 18.097546863117
68.1999999999992 18.1215228375574
68.2999999999992 18.1454988119979
68.3999999999992 18.1694747864384
68.4999999999992 18.1934507608789
68.5999999999992 18.2174267353194
68.6999999999992 18.2414027097598
68.7999999999992 18.2653786842003
68.8999999999992 18.2893546586408
68.9999999999992 18.3133306330813
69.0999999999992 18.3373066075218
69.1999999999992 18.3612825819622
69.2999999999992 18.3852585564027
69.3999999999992 18.4092345308432
69.4999999999992 18.4332105052837
69.5999999999992 18.4571864797242
69.6999999999992 18.4811624541646
69.7999999999991 18.505071030875
69.8999999999991 18.5237258606418
69.9999999999991 18.5423806904086
70.0999999999991 18.5610355201755
70.1999999999991 18.5796903499423
70.2999999999991 18.5983451797091
70.3999999999991 18.617000009476
70.4999999999991 18.6356548392428
70.5999999999991 18.6543096690096
70.6999999999991 18.6729644987765
70.7999999999991 18.6916193285433
70.8999999999991 18.7102741583101
70.9999999999991 18.728928988077
71.0999999999991 18.7475838178438
71.1999999999991 18.7662386476107
71.2999999999991 18.7848934773775
71.3999999999991 18.8035483071443
71.499999999999 18.8222031369111
71.599999999999 18.840857966678
71.699999999999 18.8595127964448
71.799999999999 18.8781676262116
71.899999999999 18.8968224559785
71.999999999999 18.9154772857453
72.099999999999 18.9341321155121
72.199999999999 18.952786945279
72.299999999999 18.9714417750458
72.399999999999 18.9900966048126
72.499999999999 19.0087514345795
72.599999999999 19.0274062643463
72.699999999999 19.0460610941131
72.799999999999 19.06471592388
72.899999999999 19.0833707536468
72.999999999999 19.1020255834136
73.099999999999 19.1206804131805
73.199999999999 19.1393352429473
73.2999999999989 19.1579900727141
73.3999999999989 19.176644902481
73.4999999999989 19.1952997322478
73.5999999999989 19.2139545620146
73.6999999999989 19.2326093917815
73.7999999999989 19.2512642215483
73.8999999999989 19.2699190513151
73.9999999999989 19.288573881082
74.0999999999989 19.3117133202202
74.1999999999989 19.3367765821071
74.2999999999989 19.3618398439941
74.3999999999989 19.3869031058811
74.4999999999989 19.4119663677681
74.5999999999989 19.437029629655
74.6999999999989 19.462092891542
74.7999999999989 19.487156153429
74.8999999999989 19.5122194153159
74.9999999999988 19.5372826772029
75.0999999999988 19.5623459390899
75.1999999999988 19.5874092009768
75.2999999999988 19.488896580506
75.3999999999988 19.5079141270853
75.4999999999988 19.5269316736646
75.5999999999988 19.5459492202439
75.6999999999988 19.5649667668232
75.7999999999988 19.5839843134025
75.8999999999988 19.6030018599818
75.9999999999988 19.6220194065611
76.0999999999988 19.6410369531404
76.1999999999988 19.6600544997197
76.2999999999988 19.679072046299
76.3999999999988 19.6980895928783
76.4999999999988 19.7171071394576
76.5999999999988 19.7361246860369
76.6999999999988 19.7551422326162
76.7999999999987 19.7741597791955
76.8999999999987 19.7931773257748
76.9999999999987 19.8121948723541
77.0999999999987 19.8312124189334
77.1999999999987 19.8502299655127
77.2999999999987 19.869247512092
77.3999999999987 19.8882650586714
77.4999999999987 19.9072826052507
77.5999999999987 19.9264323957505
77.6999999999987 19.9458548398505
77.7999999999987 19.9652772839505
77.8999999999987 19.9846997280506
77.9999999999987 20.0041221721506
78.0999999999987 20.2997678439387
78.1999999999987 20.3141655157324
78.2999999999987 20.328563187526
78.3999999999987 20.3429608593197
78.4999999999986 20.3573585311134
78.5999999999986 20.371756202907
78.6999999999986 20.3861538747007
78.7999999999986 20.4005515464944
78.8999999999986 20.414949218288
78.9999999999986 20.4293468900817
79.0999999999986 20.4437445618754
79.1999999999986 20.4581422336691
79.2999999999986 20.4725399054627
79.3999999999986 20.4869375772564
79.4999999999986 20.5013352490501
79.5999999999986 20.5157329208437
79.6999999999986 20.5301305926374
79.7999999999986 20.5445282644311
79.8999999999986 20.5589259362247
79.9999999999986 20.5733236080184
80.0999999999986 20.5877212798121
80.1999999999986 20.6021189516057
80.2999999999985 20.6165166233994
80.3999999999985 20.6309142951931
80.4999999999985 20.6453119669868
80.5999999999985 20.6597096387804
80.6999999999985 20.6741073105741
80.7999999999985 20.6885049823678
80.8999999999985 20.7029026541614
80.9999999999985 20.7173003259551
81.0999999999985 20.7249046332713
81.1999999999985 20.7301387791138
81.2999999999985 20.7353729249562
81.3999999999985 20.7406070707986
81.4999999999985 20.7458412166411
81.5999999999985 20.7510753624835
81.6999999999985 20.756309508326
81.7999999999985 20.7615436541684
81.8999999999985 20.7667778000108
81.9999999999985 20.7720119458533
82.0999999999984 20.7772460916957
82.1999999999984 19.6349604750763
82.2999999999984 19.6454287667612
82.3999999999984 19.6558970584461
82.4999999999984 19.666365350131
82.5999999999984 19.6768336418158
82.6999999999984 19.6873019335007
82.7999999999984 19.6977702251856
82.8999999999984 19.7082385168705
82.9999999999984 19.7187068085554
83.0999999999984 19.7291751002403
83.1999999999984 19.7396433919251
83.2999999999984 19.75011168361
83.3999999999984 19.7605799752949
83.4999999999984 19.7710482669798
83.5999999999984 19.7815165586647
83.6999999999984 19.7919848503495
83.7999999999983 19.8024531420344
83.8999999999983 19.8129214337193
83.9999999999983 19.8233897254042
84.0999999999983 19.8338580170891
84.1999999999983 19.8443263087739
84.2999999999983 19.8547946004588
84.3999999999983 19.8652628921437
84.4999999999983 19.8757311838286
84.5999999999983 19.8861994755135
84.6999999999983 19.8966677671983
84.7999999999983 19.9071360588832
84.8999999999983 19.9176043505681
84.9999999999983 19.928072642253
85.0999999999983 19.9385409339379
85.1999999999983 19.9490092256227
85.2999999999983 19.9594775173076
85.3999999999983 19.9699458089925
85.4999999999983 19.9804141006774
85.5999999999982 19.9908823923623
85.6999999999982 20.0013506840471
85.7999999999982 20.011818975732
85.8999999999982 20.0222872674169
85.9999999999982 20.0327555591018
86.0999999999982 20.0432238507867
86.1999999999982 20.0536921424715
86.2999999999982 20.0641604341564
86.3999999999982 20.0746287258413
86.4999999999982 20.0850970175262
86.5999999999982 20.0955653092111
86.6999999999982 20.1060336008959
86.7999999999982 20.1165018925808
86.8999999999982 20.1269701842657
86.9999999999982 20.1374384759506
87.0999999999982 20.1479067676355
87.1999999999982 20.1583750593203
87.2999999999981 20.1688433510052
87.3999999999981 20.1793116426901
87.4999999999981 20.189779934375
87.5999999999981 20.2002482260599
87.6999999999981 20.2107165177447
87.7999999999981 20.2211848094296
87.8999999999981 20.2316531011145
87.9999999999981 20.2421213927994
88.0999999999981 20.2525896844843
88.1999999999981 20.2630579761691
88.2999999999981 20.273526267854
88.3999999999981 20.2839945595389
88.4999999999981 20.2944628512238
88.5999999999981 20.3049311429087
88.6999999999981 20.3153994345935
88.7999999999981 20.3258677262784
88.8999999999981 20.3363360179633
88.9999999999981 20.3468043096482
89.099999999998 20.3572726013331
89.199999999998 20.3677408930179
89.299999999998 20.3782091847028
89.399999999998 20.3886774763877
89.499999999998 20.3991457680726
89.599999999998 20.4096140597575
89.699999999998 20.4200823514424
89.799999999998 20.4305506431272
89.899999999998 20.4410189348121
89.999999999998 20.451487226497
90.099999999998 20.4619555181819
90.199999999998 20.4724238098668
90.299999999998 20.4828921015516
90.399999999998 20.4933603932365
90.499999999998 20.5038286849214
90.599999999998 20.5142969766063
90.699999999998 20.5247652682912
90.799999999998 20.535233559976
90.8999999999979 20.5457018516609
90.9999999999979 20.5561701433458
91.0999999999979 20.5666384350307
91.1999999999979 20.5771067267156
91.2999999999979 20.5875750184004
91.3999999999979 20.5980433100853
91.4999999999979 20.6085116017702
91.5999999999979 20.6189798934551
91.6999999999979 20.62944818514
91.7999999999979 20.6399164768248
91.8999999999979 20.6503847685097
91.9999999999979 20.6608530601946
92.0999999999979 20.6713213518795
92.1999999999979 20.6817896435644
92.2999999999979 20.6922579352492
92.3999999999979 20.7027262269341
92.4999999999979 20.713194518619
92.5999999999978 20.7236628103039
92.6999999999978 20.7341311019888
92.7999999999978 20.7445993936736
92.8999999999978 20.7550676853585
92.9999999999978 20.7655359770434
93.0999999999978 20.7760042687283
93.1999999999978 20.7864725604132
93.2999999999978 20.796940852098
93.3999999999978 20.8074091437829
93.4999999999978 20.8178774354678
93.5999999999978 20.8283457271527
93.6999999999978 20.8388140188376
93.7999999999978 20.8492823105224
93.8999999999978 20.8597506022073
93.9999999999978 20.8702188938922
94.0999999999978 20.8806871855771
94.1999999999978 20.891155477262
94.2999999999978 20.9016237689468
94.3999999999977 20.9120920606317
94.4999999999977 20.9225603523166
94.5999999999977 20.9330286440015
94.6999999999977 20.9434969356864
94.7999999999977 20.9539652273712
94.8999999999977 20.9644335190561
94.9999999999977 20.974901810741
95.0999999999977 20.9853701024259
95.1999999999977 20.9958383941108
95.2999999999977 21.0063066857956
95.3999999999977 21.0167749774805
95.4999999999977 21.0272432691654
95.5999999999977 21.0377115608503
95.6999999999977 21.0481798525352
95.7999999999977 21.0586481442201
95.8999999999977 21.0691164359049
95.9999999999977 21.0795847275898
96.0999999999976 21.0901802233031
96.1999999999976 21.1007809735893
96.2999999999976 21.1113817238755
96.3999999999976 21.1219824741618
96.4999999999976 21.132583224448
96.5999999999976 21.1431839747342
96.6999999999976 21.1537847250205
96.7999999999976 21.1643854753067
96.8999999999976 21.1749862255929
96.9999999999976 21.1855869758792
97.0999999999976 21.1961877261654
97.1999999999976 21.2067884764516
97.2999999999976 21.2173892267379
97.3999999999976 21.2279899770241
97.4999999999976 21.2385907273103
97.5999999999976 21.2491914775965
97.6999999999976 21.2597922278828
97.7999999999976 21.270392978169
97.8999999999975 21.2809937284552
97.9999999999975 21.2915944787415
98.0999999999975 21.3021952290277
98.1999999999975 21.3127959793139
98.2999999999975 21.3233967296002
98.3999999999975 21.3339974798864
98.4999999999975 21.3445982301726
98.5999999999975 21.3551989804589
98.6999999999975 21.3657997307451
98.7999999999975 21.3764004810313
98.8999999999975 21.3870012313176
98.9999999999975 21.3976019816038
99.0999999999975 21.40820273189
99.1999999999975 21.4188034821763
99.2999999999975 21.4294042324625
99.3999999999975 21.4400049827487
99.4999999999975 21.450605733035
99.5999999999975 21.4612064833212
99.6999999999974 21.4718072336074
99.7999999999974 21.4824079838936
99.8999999999974 21.4930087341799
99.9999999999974 21.5036094844661
