-203.1 5.6
-203.0 5.6
-202.9 5.6
-202.8 5.6
-202.7 5.6
-202.6 5.6
-202.5 5.6
-202.4 5.6
-202.3 5.6
-202.2 5.6
-202.1 5.6
-202.0 5.6
-201.9 5.6
-201.8 5.6
-201.7 5.6
-201.6 5.6
-201.5 5.6
-201.4 5.6
-201.3 5.6
-201.2 5.6
-201.1 5.6
-201.0 5.6
-200.9 5.6
-200.8 5.6
-200.7 5.6
-200.6 5.6
-200.5 5.6
-200.4 5.6
-200.3 5.6
-200.2 5.6
-200.1 5.6
-200.0 5.6
-199.9 5.6
-199.8 5.6
-199.7 5.6
-199.6 5.6
-199.5 5.6
-199.4 5.6
-199.3 5.6
-199.2 5.6
-199.1 5.6
-199.0 5.6
-198.9 5.6
-198.8 5.6
-198.7 5.6
-198.6 5.6
-198.5 5.6
-198.4 5.6
-198.3 5.6
-198.2 5.6
-198.1 5.6
-198.0 5.6
-197.9 5.6
-197.8 5.6
-197.7 5.6
-197.6 5.6
-197.5 5.6
-197.4 5.6
-197.3 5.6
-197.2 5.6
-197.1 5.6
-197.0 5.6
-196.9 5.6
-196.8 5.6
-196.7 5.6
-196.6 5.6
-196.5 5.6
-196.4 5.6
-196.3 5.6
-196.2 5.6
-196.1 5.6
-196.0 5.6
-195.9 5.6
-195.8 5.6
-195.7 5.6
-195.6 5.6
-195.5 5.6
-195.4 5.6
-195.3 5.6
-195.2 5.6
-195.1 5.6
-195.0 5.6
-194.9 5.6
-194.8 5.6
-194.7 5.6
-194.6 5.6
-194.5 5.6
-194.4 5.6
-194.3 5.6
-194.2 5.6
-194.1 5.6
-194.0 5.6
-193.9 5.6
-193.8 5.6
-193.7 5.6
-193.6 5.6
-193.5 5.6
-193.4 5.6
-193.3 5.6
-193.2 5.6
-193.1 5.6
-193.0 5.6
-192.9 5.6
-192.8 5.6
-192.7 5.6
-192.6 5.6
-192.5 5.6
-192.4 5.6
-192.3 5.6
-192.2 5.6
-192.1 5.6
-192.0 5.6
-191.9 5.6
-191.8 5.6
-191.7 5.6
-191.6 5.6
-191.5 5.6
-191.4 5.6
-191.3 5.6
-191.2 5.6
-191.1 5.6
-191.0 5.6
-190.9 5.6
-190.8 5.6
-190.7 5.6
-190.6 5.6
-190.5 5.6
-190.4 5.6
-190.3 5.6
-190.2 5.6
-190.1 5.6
-190.0 5.6
-189.9 5.6
-189.8 5.6
-189.7 5.6
-189.6 5.6
-189.5 5.6
-189.4 5.6
-189.3 5.6
-189.2 5.6
-189.1 5.6
-189.0 5.6
-188.9 5.6
-188.8 5.6
-188.7 5.6
-188.6 5.6
-188.5 5.6
-188.4 5.6
-188.3 5.6
-188.2 5.6
-188.1 5.6
-188.0 5.6
-187.9 5.6
-187.8 5.6
-187.7 5.6
-187.6 5.6
-187.5 5.6
-187.4 5.6
-187.3 5.6
-187.2 5.6
-187.1 5.6
-187.0 5.6
-186.9 5.6
-186.8 5.6
-186.7 5.6
-186.6 5.6
-186.5 5.6
-186.4 5.6
-186.3 5.6
-186.2 5.6
-186.1 5.6
-186.0 5.6
-185.9 5.6
-185.8 5.6
-185.7 5.6
-185.6 5.6
-185.5 5.6
-185.4 5.6
-185.3 5.6
-185.2 5.6
-185.1 5.6
-185.0 5.6
-184.9 5.6
-184.8 5.6
-184.7 5.7
-184.6 5.7
-184.5 5.7
-184.4 5.7
-184.3 5.7
-184.2 5.7
-184.1 5.7
-184.0 5.7
-183.9 5.7
-183.8 5.7
-183.7 5.7
-183.6 5.7
-183.5 5.7
-183.4 5.7
-183.3 5.7
-183.2 5.7
-183.1 5.7
-183.0 5.7
-182.9 5.7
-182.8 5.7
-182.7 5.7
-182.6 5.7
-182.5 5.7
-182.4 5.7
-182.3 5.7
-182.2 5.7
-182.1 5.7
-182.0 5.7
-181.9 5.7
-181.8 5.7
-181.7 5.7
-181.6 5.7
-181.5 5.7
-181.4 5.7
-181.3 5.7
-181.2 5.7
-181.1 5.7
-181.0 5.7
-180.9 5.7
-180.8 5.7
-180.7 5.7
-180.6 5.7
-180.5 5.7
-180.4 5.7
-180.3 5.7
-180.2 5.7
-180.1 5.7
-180.0 5.7
-179.9 5.7
-179.8 5.7
-179.7 5.7
-179.6 5.7
-179.5 5.7
-179.4 5.7
-179.3 5.7
-179.2 5.7
-179.1 5.7
-179.0 5.7
-178.9 5.7
-178.8 5.7
-178.7 5.7
-178.6 5.7
-178.5 5.7
-178.4 5.7
-178.3 5.7
-178.2 5.7
-178.1 5.7
-178.0 5.7
-177.9 5.7
-177.8 5.7
-177.7 5.7
-177.6 5.7
-177.5 5.7
-177.4 5.7
-177.3 5.7
-177.2 5.7
-177.1 5.7
-177.0 5.7
-176.9 5.7
-176.8 5.7
-176.7 5.7
-176.6 5.7
-176.5 5.7
-176.4 5.7
-176.3 5.7
-176.2 5.7
-176.1 5.7
-176.0 5.7
-175.9 5.7
-175.8 5.7
-175.7 5.7
-175.6 5.7
-175.5 5.7
-175.4 5.7
-175.3 5.7
-175.2 5.7
-175.1 5.7
-175.0 5.7
-174.9 5.7
-174.8 5.7
-174.7 5.7
-174.6 5.7
-174.5 5.7
-174.4 5.7
-174.3 5.7
-174.2 5.7
-174.1 5.7
-174.0 5.7
-173.9 5.7
-173.8 5.7
-173.7 5.7
-173.6 5.7
-173.5 5.7
-173.4 5.7
-173.3 5.7
-173.2 5.7
-173.1 5.7
-173.0 5.7
-172.9 5.7
-172.8 5.7
-172.7 5.7
-172.6 5.7
-172.5 5.7
-172.4 5.7
-172.3 5.7
-172.2 5.7
-172.1 5.7
-172.0 5.7
-171.9 5.7
-171.8 5.7
-171.7 5.7
-171.6 5.7
-171.5 5.7
-171.4 5.7
-171.3 5.7
-171.2 5.7
-171.1 5.7
-171.0 5.7
-170.9 5.7
-170.8 5.7
-170.7 5.7
-170.6 5.7
-170.5 5.7
-170.4 5.7
-170.3 5.7
-170.2 5.7
-170.1 5.7
-170.0 5.7
-169.9 5.7
-169.8 5.7
-169.7 5.7
-169.6 5.7
-169.5 5.7
-169.4 5.7
-169.3 5.7
-169.2 5.7
-169.1 5.7
-169.0 5.7
-168.9 5.7
-168.8 5.7
-168.7 5.7
-168.6 5.7
-168.5 5.7
-168.4 5.7
-168.3 5.7
-168.2 5.7
-168.1 5.7
-168.0 5.7
-167.9 5.7
-167.8 5.7
-167.7 5.7
-167.6 5.7
-167.5 5.6
-167.4 5.6
-167.3 5.6
-167.2 5.6
-167.1 5.6
-167.0 5.6
-166.9 5.6
-166.8 5.6
-166.7 5.6
-166.6 5.6
-166.5 5.6
-166.4 5.6
-166.3 5.6
-166.2 5.6
-166.1 5.6
-166.0 5.6
-165.9 5.6
-165.8 5.6
-165.7 5.6
-165.6 5.6
-165.5 5.6
-165.4 5.6
-165.3 5.6
-165.2 5.6
-165.1 5.6
-165.0 5.6
-164.9 5.6
-164.8 5.6
-164.7 5.6
-164.6 5.6
-164.5 5.6
-164.4 5.6
-164.3 5.6
-164.2 5.6
-164.1 5.6
-164.0 5.6
-163.9 5.6
-163.8 5.6
-163.7 5.6
-163.6 5.6
-163.5 5.6
-163.4 5.6
-163.3 5.6
-163.2 5.6
-163.1 5.6
-163.0 5.6
-162.9 5.6
-162.8 5.6
-162.7 5.6
-162.6 5.6
-162.5 5.6
-162.4 5.6
-162.3 5.6
-162.2 5.6
-162.1 5.6
-162.0 5.6
-161.9 5.6
-161.8 5.6
-161.7 5.6
-161.6 5.6
-161.5 5.5
-161.4 5.5
-161.3 5.5
-161.2 5.5
-161.1 5.5
-161.0 5.5
-160.9 5.5
-160.8 5.5
-160.7 5.5
-160.6 5.5
-160.5 5.5
-160.4 5.5
-160.3 5.5
-160.2 5.5
-160.1 5.5
-160.0 5.5
-159.9 5.5
-159.8 5.5
-159.7 5.5
-159.6 5.5
-159.5 5.5
-159.4 5.5
-159.3 5.5
-159.2 5.5
-159.1 5.5
-159.0 5.5
-158.9 5.5
-158.8 5.5
-158.7 5.5
-158.6 5.5
-158.5 5.4
-158.4 5.4
-158.3 5.4
-158.2 5.4
-158.1 5.4
-158.0 5.4
-157.9 5.4
-157.8 5.4
-157.7 5.4
-157.6 5.4
-157.5 5.4
-157.4 5.4
-157.3 5.4
-157.2 5.4
-157.1 5.4
-157.0 5.4
-156.9 5.4
-156.8 5.4
-156.7 5.4
-156.6 5.4
-156.5 5.4
-156.4 5.4
-156.3 5.4
-156.2 5.4
-156.1 5.4
-156.0 5.4
-155.9 5.4
-155.8 5.4
-155.7 5.4
-155.6 5.4
-155.5 5.4
-155.4 5.4
-155.3 5.4
-155.2 5.4
-155.1 5.4
-155.0 5.4
-154.9 5.4
-154.8 5.4
-154.7 5.4
-154.6 5.4
-154.5 5.4
-154.4 5.4
-154.3 5.4
-154.2 5.4
-154.1 5.4
-154.0 5.4
-153.9 5.4
-153.8 5.4
-153.7 5.4
-153.6 5.4
-153.5 5.4
-153.4 5.4
-153.3 5.4
-153.2 5.4
-153.1 5.4
-153.0 5.4
-152.9 5.4
-152.8 5.4
-152.7 5.4
-152.6 5.4
-152.5 5.4
-152.4 5.4
-152.3 5.4
-152.2 5.4
-152.1 5.4
-152.0 5.4
-151.9 5.4
-151.8 5.4
-151.7 5.4
-151.6 5.4
-151.5 5.4
-151.4 5.4
-151.3 5.4
-151.2 5.4
-151.1 5.4
-151.0 5.4
-150.9 5.4
-150.8 5.4
-150.7 5.4
-150.6 5.4
-150.5 5.4
-150.4 5.4
-150.3 5.4
-150.2 5.4
-150.1 5.4
-150.0 5.4
-149.9 5.4
-149.8 5.4
-149.7 5.4
-149.6 5.4
-149.5 5.4
-149.4 5.4
-149.3 5.4
-149.2 5.4
-149.1 5.4
-149.0 5.4
-148.9 5.4
-148.8 5.4
-148.7 5.4
-148.6 5.4
-148.5 5.4
-148.4 5.4
-148.3 5.4
-148.2 5.4
-148.1 5.4
-148.0 5.4
-147.9 5.4
-147.8 5.4
-147.7 5.4
-147.6 5.4
-147.5 5.4
-147.4 5.4
-147.3 5.4
-147.2 5.4
-147.1 5.4
-147.0 5.4
-146.9 5.4
-146.8 5.4
-146.7 5.4
-146.6 5.4
-146.5 5.4
-146.4 5.4
-146.3 5.4
-146.2 5.4
-146.1 5.4
-146.0 5.4
-145.9 5.4
-145.8 5.4
-145.7 5.4
-145.6 5.4
-145.5 5.4
-145.4 5.4
-145.3 5.4
-145.2 5.4
-145.1 5.4
-145.0 5.4
-144.9 5.4
-144.8 5.4
-144.7 5.4
-144.6 5.4
-144.5 5.4
-144.4 5.4
-144.3 5.4
-144.2 5.4
-144.1 5.4
-144.0 5.4
-143.9 5.4
-143.8 5.4
-143.7 5.4
-143.6 5.4
-143.5 5.4
-143.4 5.4
-143.3 5.4
-143.2 5.4
-143.1 5.4
-143.0 5.4
-142.9 5.4
-142.8 5.4
-142.7 5.4
-142.6 5.4
-142.5 5.4
-142.4 5.4
-142.3 5.4
-142.2 5.4
-142.1 5.4
-142.0 5.4
-141.9 5.4
-141.8 5.4
-141.7 5.4
-141.6 5.4
-141.5 5.4
-141.4 5.4
-141.3 5.4
-141.2 5.4
-141.1 5.4
-141.0 5.4
-140.9 5.4
-140.8 5.4
-140.7 5.4
-140.6 5.4
-140.5 5.4
-140.4 5.4
-140.3 5.4
-140.2 5.4
-140.1 5.4
-140.0 5.4
-139.9 5.4
-139.8 5.4
-139.7 5.4
-139.6 5.4
-139.5 5.4
-139.4 5.4
-139.3 5.4
-139.2 5.4
-139.1 5.4
-139.0 5.4
-138.9 5.4
-138.8 5.3
-138.7 5.3
-138.6 5.3
-138.5 5.3
-138.4 5.3
-138.3 5.3
-138.2 5.3
-138.1 5.3
-138.0 5.3
-137.9 5.3
-137.8 5.3
-137.7 5.3
-137.6 5.3
-137.5 5.3
-137.4 5.3
-137.3 5.3
-137.2 5.3
-137.1 5.3
-137.0 5.2
-136.9 5.2
-136.8 5.2
-136.7 5.2
-136.6 5.2
-136.5 5.2
-136.4 5.2
-136.3 5.2
-136.2 5.2
-136.1 5.2
-136.0 5.2
-135.9 5.2
-135.8 5.2
-135.7 5.2
-135.6 5.2
-135.5 5.2
-135.4 5.2
-135.3 5.2
-135.2 5.2
-135.1 5.2
-135.0 5.2
-134.9 5.2
-134.8 5.2
-134.7 5.2
-134.6 5.2
-134.5 5.2
-134.4 5.2
-134.3 5.2
-134.2 5.2
-134.1 5.2
-134.0 5.2
-133.9 5.2
-133.8 5.2
-133.7 5.2
-133.6 5.2
-133.5 5.2
-133.4 5.3
-133.3 5.3
-133.2 5.3
-133.1 5.3
-133.0 5.3
-132.9 5.3
-132.8 5.3
-132.7 5.3
-132.6 5.3
-132.5 5.3
-132.4 5.3
-132.3 5.3
-132.2 5.3
-132.1 5.3
-132.0 5.4
-131.9 5.4
-131.8 5.4
-131.7 5.4
-131.6 5.4
-131.5 5.4
-131.4 5.4
-131.3 5.4
-131.2 5.4
-131.1 5.4
-131.0 5.4
-130.9 5.4
-130.8 5.4
-130.7 5.4
-130.6 5.4
-130.5 5.4
-130.4 5.5
-130.3 5.5
-130.2 5.5
-130.1 5.5
-130.0 5.5
-129.9 5.5
-129.8 5.5
-129.7 5.5
-129.6 5.5
-129.5 5.5
-129.4 5.5
-129.3 5.5
-129.2 5.5
-129.1 5.5
-129.0 5.5
-128.9 5.5
-128.8 5.5
-128.7 5.5
-128.6 5.5
-128.5 5.5
-128.4 5.5
-128.3 5.5
-128.2 5.5
-128.1 5.5
-128.0 5.5
-127.9 5.5
-127.8 5.5
-127.7 5.5
-127.6 5.5
-127.5 5.5
-127.4 5.5
-127.3 5.5
-127.2 5.5
-127.1 5.5
-127.0 5.5
-126.9 5.5
-126.8 5.5
-126.7 5.5
-126.6 5.5
-126.5 5.5
-126.4 5.5
-126.3 5.5
-126.2 5.5
-126.1 5.5
-126.0 5.5
-125.9 5.5
-125.8 5.5
-125.7 5.5
-125.6 5.5
-125.5 5.5
-125.4 5.5
-125.3 5.5
-125.2 5.5
-125.1 5.5
-125.0 5.5
-124.9 5.5
-124.8 5.5
-124.7 5.5
-124.6 5.5
-124.5 5.5
-124.4 5.5
-124.3 5.5
-124.2 5.5
-124.1 5.5
-124.0 5.5
-123.9 5.5
-123.8 5.5
-123.7 5.5
-123.6 5.5
-123.5 5.5
-123.4 5.5
-123.3 5.5
-123.2 5.5
-123.1 5.5
-123.0 5.5
-122.9 5.5
-122.8 5.5
-122.7 5.5
-122.6 5.5
-122.5 5.5
-122.4 5.5
-122.3 5.5
-122.2 5.5
-122.1 5.5
-122.0 5.5
-121.9 5.5
-121.8 5.5
-121.7 5.5
-121.6 5.5
-121.5 5.5
-121.4 5.5
-121.3 5.5
-121.2 5.5
-121.1 5.5
-121.0 5.5
-120.9 5.5
-120.8 5.5
-120.7 5.5
-120.6 5.5
-120.5 5.5
-120.4 5.5
-120.3 5.5
-120.2 5.5
-120.1 5.5
-120.0 5.5
-119.9 5.5
-119.8 5.5
-119.7 5.5
-119.6 5.5
-119.5 5.5
-119.4 5.5
-119.3 5.5
-119.2 5.5
-119.1 5.5
-119.0 5.5
-118.9 5.5
-118.8 5.5
-118.7 5.5
-118.6 5.5
-118.5 5.5
-118.4 5.5
-118.3 5.5
-118.2 5.5
-118.1 5.5
-118.0 5.5
-117.9 5.5
-117.8 5.5
-117.7 5.5
-117.6 5.5
-117.5 5.5
-117.4 5.5
-117.3 5.5
-117.2 5.5
-117.1 5.5
-117.0 5.5
-116.9 5.5
-116.8 5.5
-116.7 5.5
-116.6 5.5
-116.5 5.5
-116.4 5.5
-116.3 5.5
-116.2 5.5
-116.1 5.5
-116.0 5.5
-115.9 5.5
-115.8 5.5
-115.7 5.5
-115.6 5.5
-115.5 5.5
-115.4 5.5
-115.3 5.5
-115.2 5.5
-115.1 5.5
-115.0 5.5
-114.9 5.5
-114.8 5.5
-114.7 5.5
-114.6 5.5
-114.5 5.5
-114.4 5.5
-114.3 5.5
-114.2 5.5
-114.1 5.5
-114.0 5.5
-113.9 5.5
-113.8 5.5
-113.7 5.5
-113.6 5.5
-113.5 5.5
-113.4 5.5
-113.3 5.5
-113.2 5.5
-113.1 5.5
-113.0 5.5
-112.9 5.5
-112.8 5.5
-112.7 5.5
-112.6 5.5
-112.5 5.5
-112.4 5.5
-112.3 5.5
-112.2 5.5
-112.1 5.5
-112.0 5.5
-111.9 5.5
-111.8 5.5
-111.7 5.5
-111.6 5.5
-111.5 5.5
-111.4 5.5
-111.3 5.5
-111.2 5.5
-111.1 5.5
-111.0 5.5
-110.9 5.5
-110.8 5.5
-110.7 5.5
-110.6 5.5
-110.5 5.5
-110.4 5.5
-110.3 5.5
-110.2 5.5
-110.1 5.5
-110.0 5.5
-109.9 5.5
-109.8 5.5
-109.7 5.5
-109.6 5.5
-109.5 5.5
-109.4 5.5
-109.3 5.5
-109.2 5.5
-109.1 5.5
-109.0 5.5
-108.9 5.5
-108.8 5.5
-108.7 5.5
-108.6 5.5
-108.5 5.5
-108.4 5.5
-108.3 5.5
-108.2 5.5
-108.1 5.5
-108.0 5.5
-107.9 5.5
-107.8 5.5
-107.7 5.5
-107.6 5.5
-107.5 5.5
-107.4 5.5
-107.3 5.5
-107.2 5.5
-107.1 5.5
-107.0 5.5
-106.9 5.5
-106.8 5.5
-106.7 5.5
-106.6 5.5
-106.5 5.5
-106.4 5.5
-106.3 5.5
-106.2 5.5
-106.1 5.5
-106.0 5.5
-105.9 5.5
-105.8 5.5
-105.7 5.5
-105.6 5.5
-105.5 5.5
-105.4 5.5
-105.3 5.5
-105.2 5.5
-105.1 5.5
-105.0 5.5
-104.9 5.5
-104.8 5.5
-104.7 5.5
-104.6 5.5
-104.5 5.5
-104.4 5.5
-104.3 5.5
-104.2 5.5
-104.1 5.5
-104.0 5.5
-103.9 5.5
-103.8 5.5
-103.7 5.5
-103.6 5.5
-103.5 5.5
-103.4 5.5
-103.3 5.5
-103.2 5.5
-103.1 5.5
-103.0 5.5
-102.9 5.5
-102.8 5.5
-102.7 5.5
-102.6 5.5
-102.5 5.5
-102.4 5.5
-102.3 5.5
-102.2 5.5
-102.1 5.8
-102.0 5.8
-101.9 5.8
-101.8 5.8
-101.7 5.8
-101.6 5.8
-101.5 5.8
-101.4 5.8
-101.3 5.8
-101.2 5.8
-101.1 5.8
-101.0 5.8
-100.9 5.8
-100.8 5.8
-100.7 5.8
-100.6 5.8
-100.5 5.8
-100.4 5.9
-100.3 5.9
-100.2 5.9
-100.1 5.9
-100.0 5.9
-99.9 5.9
-99.8 5.9
-99.7 5.9
-99.6 5.9
-99.5 5.9
-99.4 5.9
-99.3 5.9
-99.2 5.9
-99.1 5.9
-99.0 5.9
-98.9 5.9
-98.8 5.9
-98.7 5.9
-98.6 5.9
-98.5 5.9
-98.4 5.9
-98.3 5.9
-98.2 5.9
-98.1 5.9
-98.0 5.9
-97.9 5.9
-97.8 5.9
-97.7 5.9
-97.6 5.9
-97.5 5.9
-97.4 5.9
-97.3 5.9
-97.2 5.9
-97.1 5.9
-97.0 5.9
-96.9 5.9
-96.8 5.9
-96.7 5.9
-96.6 5.9
-96.5 5.9
-96.4 5.9
-96.3 5.9
-96.2 5.9
-96.1 5.9
-96.0 5.9
-95.9 5.9
-95.8 5.9
-95.7 5.7
-95.6 5.7
-95.5 5.7
-95.4 5.7
-95.3 5.7
-95.2 5.7
-95.1 5.7
-95.0 5.7
-94.9 5.7
-94.8 5.7
-94.7 5.7
-94.6 5.7
-94.5 5.7
-94.4 5.7
-94.3 5.7
-94.2 5.7
-94.1 5.7
-94.0 5.7
-93.9 5.7
-93.8 5.7
-93.7 5.6
-93.6 5.6
-93.5 5.6
-93.4 5.6
-93.3 5.6
-93.2 5.6
-93.1 5.6
-93.0 5.6
-92.9 5.6
-92.8 5.6
-92.7 5.6
-92.6 5.6
-92.5 5.6
-92.4 5.6
-92.3 5.6
-92.2 5.6
-92.1 5.6
-92.0 5.6
-91.9 5.6
-91.8 5.6
-91.7 5.6
-91.6 5.6
-91.5 5.6
-91.4 5.6
-91.3 5.5
-91.2 5.5
-91.1 5.5
-91.0 5.5
-90.9 5.5
-90.8 5.4
-90.7 5.4
-90.6 5.4
-90.5 5.4
-90.4 5.3
-90.3 5.3
-90.2 5.3
-90.1 5.3
-90.0 5.3
-89.9 5.2
-89.8 5.2
-89.7 5.2
-89.6 5.2
-89.5 5.2
-89.4 5.1
-89.3 5.1
-89.2 5.1
-89.1 5.1
-89.0 5.0
-88.9 5.0
-88.8 5.0
-88.7 5.0
-88.6 5.0
-88.5 4.9
-88.4 4.9
-88.3 4.9
-88.2 4.9
-88.1 4.9
-88.0 4.9
-87.9 4.9
-87.8 4.9
-87.7 4.9
-87.6 4.9
-87.5 4.9
-87.4 4.9
-87.3 4.9
-87.2 4.9
-87.1 4.9
-87.0 4.9
-86.9 4.9
-86.8 4.9
-86.7 4.9
-86.6 4.9
-86.5 4.9
-86.4 5.0
-86.3 5.0
-86.2 5.0
-86.1 5.0
-86.0 5.0
-85.9 5.0
-85.8 5.0
-85.7 5.0
-85.6 5.0
-85.5 5.0
-85.4 5.0
-85.3 4.9
-85.2 4.9
-85.1 4.9
-85.0 4.9
-84.9 4.9
-84.8 4.9
-84.7 4.9
-84.6 4.9
-84.5 4.9
-84.4 4.9
-84.3 4.9
-84.2 4.9
-84.1 4.9
-84.0 4.9
-83.9 4.9
-83.8 4.8
-83.7 4.8
-83.6 4.8
-83.5 4.8
-83.4 4.8
-83.3 4.8
-83.2 4.9
-83.1 4.9
-83.0 4.9
-82.9 4.9
-82.8 4.9
-82.7 4.9
-82.6 5.8
-82.5 5.8
-82.4 5.8
-82.3 5.8
-82.2 5.8
-82.1 5.8
-82.0 5.8
-81.9 5.8
-81.8 5.9
-81.7 5.9
-81.6 5.9
-81.5 5.9
-81.4 5.9
-81.3 5.9
-81.2 5.9
-81.1 5.9
-81.0 5.9
-80.9 5.9
-80.8 5.9
-80.7 5.9
-80.6 5.9
-80.5 6.0
-80.4 6.0
-80.3 6.0
-80.2 6.0
-80.1 6.0
-80.0 6.0
-79.9 6.0
-79.8 6.0
-79.7 6.0
-79.6 6.0
-79.5 6.0
-79.4 6.0
-79.3 6.1
-79.2 6.1
-79.1 6.1
-79.0 6.1
-78.9 6.1
-78.8 6.1
-78.7 6.1
-78.6 5.7
-78.5 5.7
-78.4 5.7
-78.3 5.7
-78.2 5.7
-78.1 5.7
-78.0 5.7
-77.9 5.7
-77.8 5.8
-77.7 5.8
-77.6 5.8
-77.5 5.8
-77.4 5.8
-77.3 5.8
-77.2 5.8
-77.1 5.8
-77.0 5.8
-76.9 5.8
-76.8 5.8
-76.7 5.8
-76.6 5.8
-76.5 5.9
-76.4 5.9
-76.3 5.9
-76.2 5.9
-76.1 5.9
-76.0 5.9
-75.9 5.9
-75.8 5.9
-75.7 5.9
-75.6 5.9
-75.5 5.9
-75.4 5.9
-75.3 5.9
-75.2 5.9
-75.1 5.9
-75.0 5.9
-74.9 5.9
-74.8 5.9
-74.7 5.9
-74.6 5.9
-74.5 5.9
-74.4 5.9
-74.3 5.9
-74.2 5.9
-74.1 5.9
-74.0 5.9
-73.9 5.9
-73.8 5.9
-73.7 5.9
-73.6 5.9
-73.5 5.9
-73.4 5.9
-73.3 5.9
-73.2 5.9
-73.1 5.9
-73.0 5.9
-72.9 5.9
-72.8 5.9
-72.7 5.9
-72.6 5.9
-72.5 6.0
-72.4 6.0
-72.3 6.0
-72.2 6.0
-72.1 6.0
-72.0 6.0
-71.9 6.0
-71.8 6.0
-71.7 6.0
-71.6 6.0
-71.5 6.0
-71.4 6.0
-71.3 6.0
-71.2 6.0
-71.1 6.0
-71.0 6.0
-70.9 6.0
-70.8 6.1
-70.7 6.1
-70.6 6.1
-70.5 6.1
-70.4 6.1
-70.3 6.1
-70.2 6.1
-70.1 6.1
-70.0 6.1
-69.9 6.1
-69.8 6.1
-69.7 6.1
-69.6 6.1
-69.5 6.1
-69.4 6.1
-69.3 6.1
-69.2 6.1
-69.1 6.2
-69.0 6.2
-68.9 6.2
-68.8 6.2
-68.7 6.2
-68.6 6.2
-68.5 6.2
-68.4 6.2
-68.3 6.2
-68.2 6.2
-68.1 6.2
-68.0 6.2
-67.9 6.2
-67.8 6.2
-67.7 6.2
-67.6 6.2
-67.5 6.2
-67.4 6.2
-67.3 6.2
-67.2 6.2
-67.1 6.2
-67.0 6.2
-66.9 6.2
-66.8 6.2
-66.7 6.2
-66.6 6.2
-66.5 6.2
-66.4 6.2
-66.3 6.2
-66.2 6.3
-66.1 6.3
-66.0 6.3
-65.9 6.3
-65.8 6.3
-65.7 6.3
-65.6 6.3
-65.5 6.3
-65.4 6.3
-65.3 6.3
-65.2 6.3
-65.1 6.3
-65.0 6.3
-64.9 6.3
-64.8 6.3
-64.7 6.3
-64.6 6.3
-64.5 6.3
-64.4 6.3
-64.3 6.3
-64.2 6.3
-64.1 6.3
-64.0 6.3
-63.9 6.3
-63.8 6.4
-63.7 6.4
-63.6 6.4
-63.5 6.4
-63.4 6.4
-63.3 6.4
-63.2 6.4
-63.1 6.4
-63.0 6.4
-62.9 6.4
-62.8 6.4
-62.7 6.4
-62.6 6.4
-62.5 6.4
-62.4 6.4
-62.3 6.4
-62.2 6.4
-62.1 6.4
-62.0 6.4
-61.9 6.4
-61.8 6.4
-61.7 6.4
-61.6 6.4
-61.5 6.4
-61.4 6.4
-61.3 6.4
-61.2 6.5
-61.1 6.5
-61.0 6.5
-60.9 6.5
-60.8 6.5
-60.7 6.5
-60.6 6.5
-60.5 6.5
-60.4 6.5
-60.3 6.5
-60.2 6.5
-60.1 6.5
-60.0 6.5
-59.9 6.5
-59.8 6.5
-59.7 6.5
-59.6 6.5
-59.5 6.5
-59.4 6.5
-59.3 6.5
-59.2 6.5
-59.1 6.5
-59.0 6.5
-58.9 6.5
-58.8 6.5
-58.7 6.5
-58.6 6.5
-58.5 6.5
-58.4 6.5
-58.3 6.5
-58.2 6.5
-58.1 6.5
-58.0 6.5
-57.9 6.5
-57.8 6.5
-57.7 6.5
-57.6 6.5
-57.5 6.5
-57.4 6.5
-57.3 6.6
-57.2 6.6
-57.1 6.6
-57.0 6.6
-56.9 6.6
-56.8 6.6
-56.7 6.6
-56.6 6.6
-56.5 6.6
-56.4 6.6
-56.3 6.6
-56.2 6.6
-56.1 6.6
-56.0 6.6
-55.9 6.6
-55.8 6.6
-55.7 6.6
-55.6 6.6
-55.5 6.6
-55.4 6.6
-55.3 6.6
-55.2 6.6
-55.1 6.6
-55.0 6.6
-54.9 6.6
-54.8 6.6
-54.7 6.6
-54.6 6.6
-54.5 6.6
-54.4 6.6
-54.3 6.6
-54.2 6.6
-54.1 6.6
-54.0 6.6
-53.9 6.6
-53.8 6.6
-53.7 6.6
-53.6 6.6
-53.5 6.6
-53.4 6.6
-53.3 6.6
-53.2 6.6
-53.1 6.6
-53.0 6.6
-52.9 6.6
-52.8 6.6
-52.7 6.6
-52.6 6.6
-52.5 6.6
-52.4 6.6
-52.3 6.6
-52.2 6.6
-52.1 6.6
-52.0 6.6
-51.9 6.6
-51.8 6.6
-51.7 6.6
-51.6 6.6
-51.5 6.6
-51.4 6.6
-51.3 6.6
-51.2 6.6
-51.1 6.7
-51.0 6.7
-50.9 6.7
-50.8 6.7
-50.7 6.7
-50.6 6.7
-50.5 6.7
-50.4 6.7
-50.3 6.7
-50.2 6.7
-50.1 6.7
-50.0 6.7
-49.9 6.7
-49.8 6.7
-49.7 6.8
-49.6 6.8
-49.5 6.8
-49.4 6.8
-49.3 6.8
-49.2 6.8
-49.1 6.8
-49.0 6.8
-48.9 6.8
-48.8 6.8
-48.7 6.8
-48.6 6.8
-48.5 6.8
-48.4 6.8
-48.3 6.8
-48.2 6.8
-48.1 6.8
-48.0 6.8
-47.9 6.8
-47.8 6.8
-47.7 6.8
-47.6 6.8
-47.5 6.8
-47.4 6.8
-47.3 6.8
-47.2 6.8
-47.1 6.8
-47.0 6.8
-46.9 6.8
-46.8 6.8
-46.7 6.8
-46.6 6.8
-46.5 6.8
-46.4 6.8
-46.3 6.9
-46.2 6.9
-46.1 6.9
-46.0 6.9
-45.9 6.9
-45.8 6.9
-45.7 6.9
-45.6 6.9
-45.5 6.9
-45.4 6.9
-45.3 6.9
-45.2 6.9
-45.1 6.9
-45.0 6.9
-44.9 6.9
-44.8 6.9
-44.7 6.9
-44.6 6.9
-44.5 6.9
-44.4 6.9
-44.3 6.9
-44.2 6.9
-44.1 6.9
-44.0 6.9
-43.9 6.9
-43.8 7.0
-43.7 7.0
-43.6 7.0
-43.5 7.0
-43.4 7.0
-43.3 7.0
-43.2 7.0
-43.1 7.0
-43.0 7.0
-42.9 7.0
-42.8 7.0
-42.7 7.0
-42.6 7.0
-42.5 7.0
-42.4 7.0
-42.3 7.0
-42.2 7.0
-42.1 7.0
-42.0 7.0
-41.9 7.0
-41.8 7.0
-41.7 7.0
-41.6 7.0
-41.5 7.1
-41.4 7.1
-41.3 7.1
-41.2 7.1
-41.1 7.1
-41.0 7.1
-40.9 7.1
-40.8 7.1
-40.7 7.1
-40.6 7.1
-40.5 7.1
-40.4 7.1
-40.3 7.1
-40.2 7.1
-40.1 7.1
-40.0 7.1
-39.9 7.1
-39.8 7.1
-39.7 7.1
-39.6 7.1
-39.5 7.1
-39.4 7.1
-39.3 7.1
-39.2 7.1
-39.1 7.1
-39.0 7.1
-38.9 7.1
-38.8 7.1
-38.7 7.1
-38.6 7.1
-38.5 7.2
-38.4 7.2
-38.3 7.2
-38.2 7.2
-38.1 7.2
-38.0 7.2
-37.9 7.2
-37.8 7.2
-37.7 7.2
-37.6 7.2
-37.5 7.2
-37.4 7.2
-37.3 7.2
-37.2 7.2
-37.1 7.2
-37.0 7.2
-36.9 7.2
-36.8 7.2
-36.7 7.2
-36.6 7.2
-36.5 7.2
-36.4 7.2
-36.3 7.2
-36.2 7.2
-36.1 7.2
-36.0 7.2
-35.9 7.2
-35.8 7.2
-35.7 7.2
-35.6 7.2
-35.5 7.2
-35.4 7.2
-35.3 7.2
-35.2 7.2
-35.1 7.2
-35.0 7.2
-34.9 7.2
-34.8 7.2
-34.7 7.2
-34.6 7.2
-34.5 7.2
-34.4 7.2
-34.3 7.2
-34.2 7.2
-34.1 7.2
-34.0 7.2
-33.9 7.2
-33.8 7.2
-33.7 7.2
-33.6 7.2
-33.5 7.2
-33.4 7.2
-33.3 7.2
-33.2 7.2
-33.1 7.2
-33.0 7.2
-32.9 7.3
-32.8 7.3
-32.7 7.3
-32.6 7.3
-32.5 7.3
-32.4 7.3
-32.3 7.3
-32.2 7.3
-32.1 7.3
-32.0 7.3
-31.9 7.3
-31.8 7.3
-31.7 7.3
-31.6 7.3
-31.5 7.3
-31.4 7.3
-31.3 7.3
-31.2 7.3
-31.1 7.3
-31.0 7.3
-30.9 7.3
-30.8 7.3
-30.7 7.3
-30.6 7.3
-30.5 7.3
-30.4 7.3
-30.3 7.3
-30.2 7.3
-30.1 7.3
-30.0 7.3
-29.9 7.3
-29.8 7.3
-29.7 7.3
-29.6 7.3
-29.5 7.3
-29.4 7.3
-29.3 7.3
-29.2 7.3
-29.1 7.3
-29.0 7.3
-28.9 7.4
-28.8 7.4
-28.7 7.4
-28.6 7.4
-28.5 7.4
-28.4 7.4
-28.3 7.4
-28.2 7.4
-28.1 7.4
-28.0 7.4
-27.9 7.4
-27.8 7.4
-27.7 7.4
-27.6 7.4
-27.5 7.4
-27.4 7.4
-27.3 7.4
-27.2 7.4
-27.1 7.4
-27.0 7.4
-26.9 7.4
-26.8 7.4
-26.7 7.4
-26.6 7.4
-26.5 7.4
-26.4 7.4
-26.3 7.4
-26.2 7.4
-26.1 7.4
-26.0 7.4
-25.9 7.4
-25.8 7.4
-25.7 7.4
-25.6 7.5
-25.5 7.5
-25.4 7.5
-25.3 7.5
-25.2 7.5
-25.1 7.5
-25.0 7.5
-24.9 7.5
-24.8 7.5
-24.7 7.5
-24.6 7.5
-24.5 7.5
-24.4 7.5
-24.3 7.5
-24.2 7.5
-24.1 7.5
-24.0 7.5
-23.9 7.5
-23.8 7.5
-23.7 7.5
-23.6 7.5
-23.5 7.5
-23.4 7.5
-23.3 7.5
-23.2 7.5
-23.1 7.6
-23.0 7.6
-22.9 7.6
-22.8 7.6
-22.7 7.6
-22.6 7.6
-22.5 7.6
-22.4 7.6
-22.3 7.6
-22.2 7.6
-22.1 7.6
-22.0 7.6
-21.9 7.6
-21.8 7.6
-21.7 7.6
-21.6 7.7
-21.5 7.7
-21.4 7.7
-21.3 7.7
-21.2 7.7
-21.1 7.7
-21.0 7.7
-20.9 7.7
-20.8 7.7
-20.7 7.7
-20.6 7.7
-20.5 7.7
-20.4 7.7
-20.3 7.7
-20.2 7.7
-20.1 7.8
-20.0 7.8
-19.9 7.8
-19.8 7.8
-19.7 7.8
-19.6 7.8
-19.5 7.8
-19.4 7.8
-19.3 7.8
-19.2 7.8
-19.1 7.8
-19.0 7.8
-18.9 7.8
-18.8 7.8
-18.7 7.8
-18.6 7.9
-18.5 7.9
-18.4 7.9
-18.3 7.9
-18.2 7.9
-18.1 7.9
-18.0 7.9
-17.9 7.9
-17.8 7.9
-17.7 7.9
-17.6 7.9
-17.5 7.9
-17.4 7.9
-17.3 7.9
-17.2 7.9
-17.1 7.9
-17.0 7.9
-16.9 8.0
-16.8 8.0
-16.7 8.0
-16.6 8.0
-16.5 8.0
-16.4 8.0
-16.3 8.0
-16.2 8.0
-16.1 8.0
-16.0 8.0
-15.9 8.0
-15.8 8.0
-15.7 8.0
-15.6 8.0
-15.5 8.0
-15.4 8.0
-15.3 8.1
-15.2 8.1
-15.1 8.1
-15.0 8.1
-14.9 8.0
-14.8 8.0
-14.7 8.0
-14.6 8.0
-14.5 8.0
-14.4 8.0
-14.3 8.1
-14.2 8.1
-14.1 8.1
-14.0 8.1
-13.9 8.1
-13.8 8.1
-13.7 8.1
-13.6 8.1
-13.5 8.1
-13.4 8.2
-13.3 8.2
-13.2 8.2
-13.1 8.2
-13.0 8.2
-12.9 8.2
-12.8 8.2
-12.7 8.2
-12.6 8.2
-12.5 8.2
-12.4 8.2
-12.3 8.2
-12.2 8.2
-12.1 8.3
-12.0 8.3
-11.9 8.3
-11.8 8.3
-11.7 8.3
-11.6 8.3
-11.5 8.3
-11.4 8.3
-11.3 8.3
-11.2 8.3
-11.1 8.3
-11.0 8.3
-10.9 8.3
-10.8 8.3
-10.7 8.3
-10.6 8.4
-10.5 8.4
-10.4 8.4
-10.3 8.4
-10.2 8.4
-10.1 8.4
-10.0 8.4
-9.9 8.4
-9.8 8.4
-9.7 8.4
-9.6 8.4
-9.5 8.4
-9.4 8.4
-9.3 8.4
-9.2 8.4
-9.1 8.4
-9.0 8.4
-8.9 8.4
-8.8 8.4
-8.7 8.4
-8.6 8.5
-8.5 8.5
-8.4 8.5
-8.3 8.5
-8.2 8.5
-8.1 8.5
-8.0 8.5
-7.9 8.5
-7.8 8.5
-7.7 8.5
-7.6 8.5
-7.5 8.5
-7.4 8.5
-7.3 8.5
-7.2 8.5
-7.1 8.5
-7.0 8.5
-6.9 8.5
-6.8 8.5
-6.7 8.5
-6.6 8.6
-6.5 8.6
-6.4 8.6
-6.3 8.6
-6.2 8.6
-6.1 8.6
-6.0 8.6
-5.9 8.6
-5.8 8.6
-5.7 8.6
-5.6 8.6
-5.5 8.6
-5.4 8.6
-5.3 8.7
-5.2 8.7
-5.1 8.7
-5.0 8.7
-4.9 8.7
-4.8 8.7
-4.7 8.7
-4.6 8.7
-4.5 8.7
-4.4 8.7
-4.3 8.7
-4.2 8.7
-4.1 8.7
-4.0 8.8
-3.9 8.8
-3.8 8.8
-3.7 8.8
-3.6 8.8
-3.5 8.8
-3.4 8.8
-3.3 8.8
-3.2 8.8
-3.1 8.8
-3.0 8.8
-2.9 8.8
-2.8 8.8
-2.7 8.8
-2.6 8.8
-2.5 8.8
-2.4 8.8
-2.3 8.8
-2.2 8.8
-2.1 8.8
-2.0 8.8
-1.9 8.8
-1.8 8.8
-1.7 8.9
-1.6 8.9
-1.5 8.9
-1.4 8.9
-1.3 8.9
-1.2 8.9
-1.1 8.9
-1.0 8.9
-0.9 8.9
-0.8 9.0
-0.7 9.0
-0.6 9.0
-0.5 9.0
-0.4 9.0
-0.3 9.0
-0.2 9.0
-0.1 9.0
-0.0 9.0
0.1 9.0
0.2 9.0
0.3 9.0
0.4 9.0
0.5 9.0
0.6 9.0
0.7 9.0
0.8 9.0
0.9 9.0
1.0 9.1
1.1 9.1
1.2 9.1
1.3 9.1
1.4 9.1
1.5 9.1
1.6 9.1
1.7 9.1
1.8 9.1
1.9 9.1
2.0 9.1
2.1 9.1
2.2 9.1
2.3 9.2
2.4 9.2
2.5 9.2
2.6 9.2
2.7 9.2
2.8 9.2
2.9 9.2
3.0 9.2
3.1 9.2
3.2 9.2
3.3 9.2
3.4 9.2
3.5 9.3
3.6 9.3
3.7 9.3
3.8 9.3
3.9 9.3
4.0 9.3
4.1 9.3
4.2 9.3
4.3 9.3
4.4 9.3
4.5 9.3
4.6 9.4
4.7 9.4
4.8 9.4
4.9 9.4
5.0 9.4
5.1 9.4
5.2 9.4
5.3 9.4
5.4 9.4
5.5 9.4
5.6 9.4
5.7 9.5
5.8 9.5
5.9 9.5
6.0 9.5
6.1 9.5
6.2 9.2
6.3 9.2
6.4 9.2
6.5 9.2
6.6 9.2
6.7 9.2
6.8 9.2
6.9 9.2
7.0 9.2
7.1 9.3
7.2 9.3
7.3 9.3
7.4 9.3
7.5 9.3
7.6 9.3
7.7 9.3
7.8 9.3
7.9 9.3
8.0 9.4
8.1 9.4
8.2 9.4
8.3 9.4
8.4 9.2
8.5 9.2
8.6 9.2
8.7 9.3
8.8 9.3
8.9 9.3
9.0 9.3
9.1 9.3
9.2 9.3
9.3 9.3
9.4 9.3
9.5 9.4
9.6 9.4
9.7 9.4
9.8 9.4
9.9 9.4
10.0 9.4
10.1 9.4
10.2 9.4
10.3 9.4
10.4 9.5
10.5 9.5
10.6 9.5
10.7 9.5
10.8 9.5
10.9 9.5
11.0 9.5
11.1 9.5
11.2 9.5
11.3 9.6
11.4 9.6
11.5 9.6
11.6 9.6
11.7 9.6
11.8 9.6
11.9 9.6
12.0 9.6
12.1 9.7
12.2 9.7
12.3 9.7
12.4 9.7
12.5 9.7
12.6 9.5
12.7 9.5
12.8 9.5
12.9 9.5
13.0 9.5
13.1 9.5
13.2 9.5
13.3 9.5
13.4 9.6
13.5 9.6
13.6 9.6
13.7 9.6
13.8 9.6
13.9 9.6
14.0 9.6
14.1 9.6
14.2 9.7
14.3 9.7
14.4 9.7
14.5 9.7
14.6 9.7
14.7 9.7
14.8 9.8
14.9 9.8
15.0 9.8
15.1 9.8
15.2 9.8
15.3 9.8
15.4 9.8
15.5 9.8
15.6 9.9
15.7 9.9
15.8 9.9
15.9 9.9
16.0 9.9
16.1 9.9
16.2 9.9
16.3 10.0
16.4 10.0
16.5 10.0
16.6 10.0
16.7 10.0
16.8 10.0
16.9 10.0
17.0 10.1
17.1 10.1
17.2 10.1
17.3 10.1
17.4 10.1
17.5 10.1
17.6 10.1
17.7 10.1
17.8 10.1
17.9 10.2
18.0 10.2
18.1 10.2
18.2 10.2
18.3 10.2
18.4 10.2
18.5 10.2
18.6 10.2
18.7 10.2
18.8 10.2
18.9 10.3
19.0 10.3
19.1 10.3
19.2 10.3
19.3 10.3
19.4 10.3
19.5 10.3
19.6 10.3
19.7 10.3
19.8 10.3
19.9 10.3
20.0 10.4
20.1 10.4
20.2 10.4
20.3 10.4
20.4 10.4
20.5 10.4
20.6 10.4
20.7 10.4
20.8 10.4
20.9 10.4
21.0 10.4
21.1 10.4
21.2 10.4
21.3 10.4
21.4 10.5
21.5 10.5
21.6 10.5
21.7 10.5
21.8 10.5
21.9 10.5
22.0 10.5
22.1 10.5
22.2 10.5
22.3 10.5
22.4 10.6
22.5 10.6
22.6 10.6
22.7 10.6
22.8 10.6
22.9 10.6
23.0 10.6
23.1 10.6
23.2 10.6
23.3 10.7
23.4 10.7
23.5 10.7
23.6 10.7
23.7 10.7
23.8 10.7
23.9 10.7
24.0 10.7
24.1 10.8
24.2 10.8
24.3 10.8
24.4 10.8
24.5 10.8
24.6 10.8
24.7 10.8
24.8 10.8
24.9 10.9
25.0 10.9
25.1 10.9
25.2 10.9
25.3 10.9
25.4 10.9
25.5 11.0
25.6 11.0
25.7 11.0
25.8 11.0
25.9 11.0
26.0 11.0
26.1 11.0
26.2 11.1
26.3 11.1
26.4 11.1
26.5 11.1
26.6 11.1
26.7 11.1
26.8 11.2
26.9 11.2
27.0 11.2
27.1 11.2
27.2 11.2
27.3 11.2
27.4 11.2
27.5 11.2
27.6 11.3
27.7 11.3
27.8 11.3
27.9 11.3
28.0 11.3
28.1 11.3
28.2 11.3
28.3 11.3
28.4 11.3
28.5 11.4
28.6 11.4
28.7 11.4
28.8 11.4
28.9 11.4
29.0 11.4
29.1 11.4
29.2 11.4
29.3 11.4
29.4 11.5
29.5 11.5
29.6 11.5
29.7 11.5
29.8 11.5
29.9 11.5
30.0 11.5
30.1 11.5
30.2 11.6
30.3 11.6
30.4 11.6
30.5 11.6
30.6 11.6
30.7 11.6
30.8 11.6
30.9 11.6
31.0 11.6
31.1 11.7
31.2 11.7
31.3 11.7
31.4 11.7
31.5 11.7
31.6 11.7
31.7 11.7
31.8 11.7
31.9 11.7
32.0 11.8
32.1 11.8
32.2 11.8
32.3 11.8
32.4 11.8
32.5 11.8
32.6 11.8
32.7 11.8
32.8 11.9
32.9 11.9
33.0 11.9
33.1 11.9
33.2 11.9
33.3 11.9
33.4 11.9
33.5 11.9
33.6 11.9
33.7 12.0
33.8 12.0
33.9 12.0
34.0 12.0
34.1 12.0
34.2 12.0
34.3 12.0
34.4 12.0
34.5 12.0
34.6 12.0
34.7 12.1
34.8 12.1
34.9 12.1
35.0 12.1
35.1 12.2
35.2 12.2
35.3 12.2
35.4 12.2
35.5 12.2
35.6 12.2
35.7 12.3
35.8 12.3
35.9 12.4
36.0 12.4
36.1 12.4
36.2 12.4
36.3 12.4
36.4 12.4
36.5 12.5
36.6 12.5
36.7 12.5
36.8 12.5
36.9 12.5
37.0 12.5
37.1 12.5
37.2 12.5
37.3 12.6
37.4 12.6
37.5 12.6
37.6 12.6
37.7 12.6
37.8 12.6
37.9 12.6
38.0 12.6
38.1 12.7
38.2 12.5
38.3 12.5
38.4 12.5
38.5 12.5
38.6 12.5
38.7 12.6
38.8 12.6
38.9 12.6
39.0 12.6
39.1 12.6
39.2 12.6
39.3 12.6
39.4 12.7
39.5 12.7
39.6 12.7
39.7 12.7
39.8 12.7
39.9 12.7
40.0 12.7
40.1 12.7
40.2 12.8
40.3 12.8
40.4 12.8
40.5 12.8
40.6 12.8
40.7 12.8
40.8 12.8
40.9 12.9
41.0 12.9
41.1 12.9
41.2 12.9
41.3 12.9
41.4 12.9
41.5 12.9
41.6 13.0
41.7 13.0
41.8 13.0
41.9 13.0
42.0 13.0
42.1 13.0
42.2 13.0
42.3 13.0
42.4 13.1
42.5 13.1
42.6 13.1
42.7 13.1
42.8 13.1
42.9 13.1
43.0 13.1
43.1 13.1
43.2 13.2
43.3 13.2
43.4 13.2
43.5 13.2
43.6 13.2
43.7 13.2
43.8 13.2
43.9 13.2
44.0 13.3
44.1 13.3
44.2 13.3
44.3 13.3
44.4 13.3
44.5 13.3
44.6 13.3
44.7 13.3
44.8 13.3
44.9 13.4
45.0 13.4
45.1 13.4
45.2 13.4
45.3 13.4
45.4 13.4
45.5 13.4
45.6 13.4
45.7 13.5
45.8 13.5
45.9 13.5
46.0 13.5
46.1 13.5
46.2 13.5
46.3 13.5
46.4 13.5
46.5 13.6
46.6 13.6
46.7 13.6
46.8 13.6
46.9 13.6
47.0 13.6
47.1 13.6
47.2 13.7
47.3 13.7
47.4 13.7
47.5 13.7
47.6 13.7
47.7 13.7
47.8 13.7
47.9 13.7
48.0 13.8
48.1 13.8
48.2 13.8
48.3 13.8
48.4 13.8
48.5 13.8
48.6 13.8
48.7 13.8
48.8 13.8
48.9 13.9
49.0 13.9
49.1 13.9
49.2 13.9
49.3 13.9
49.4 13.9
49.5 13.9
49.6 13.9
49.7 14.0
49.8 14.0
49.9 14.0
50.0 14.0
50.1 14.0
50.2 14.1
50.3 14.1
50.4 14.1
50.5 14.1
50.6 14.1
50.7 14.1
50.8 14.2
50.9 14.2
51.0 14.2
51.1 14.2
51.2 14.2
51.3 14.3
51.4 14.3
51.5 14.3
51.6 14.3
51.7 14.4
51.8 14.4
51.9 14.4
52.0 14.4
52.1 14.4
52.2 14.4
52.3 14.5
52.4 14.5
52.5 14.5
52.6 14.5
52.7 14.5
52.8 14.5
52.9 14.6
53.0 14.6
53.1 14.6
53.2 14.6
53.3 14.6
53.4 14.6
53.5 14.6
53.6 14.7
53.7 14.7
53.8 14.7
53.9 14.7
54.0 14.7
54.1 14.7
54.2 14.7
54.3 14.7
54.4 14.8
54.5 14.7
54.6 14.8
54.7 14.8
54.8 14.8
54.9 14.8
55.0 14.8
55.1 14.8
55.2 14.8
55.3 14.8
55.4 14.8
55.5 14.9
55.6 14.9
55.7 14.9
55.8 14.9
55.9 14.9
56.0 14.9
56.1 14.9
56.2 15.0
56.3 15.0
56.4 15.0
56.5 15.0
56.6 14.9
56.7 14.9
56.8 14.9
56.9 14.9
57.0 15.0
57.1 15.0
57.2 15.0
57.3 15.0
57.4 15.0
57.5 15.0
57.6 15.1
57.7 15.1
57.8 15.1
57.9 15.1
58.0 15.1
58.1 15.2
58.2 15.2
58.3 15.2
58.4 15.2
58.5 15.2
58.6 15.3
58.7 15.3
58.8 15.3
58.9 15.3
59.0 15.3
59.1 15.3
59.2 15.4
59.3 15.4
59.4 15.4
59.5 15.4
59.6 15.4
59.7 15.4
59.8 15.5
59.9 15.5
60.0 15.5
60.1 15.5
60.2 15.5
60.3 15.5
60.4 15.6
60.5 15.6
60.6 15.6
60.7 15.6
60.8 15.6
60.9 15.6
61.0 15.6
61.1 15.6
61.2 15.7
61.3 15.7
61.4 15.7
61.5 15.7
61.6 15.7
61.7 15.8
61.8 15.8
61.9 15.8
62.0 15.8
62.1 15.8
62.2 15.8
62.3 15.9
62.4 15.9
62.5 15.9
62.6 15.9
62.7 15.9
62.8 16.0
62.9 16.0
63.0 16.0
63.1 16.0
63.2 16.0
63.3 16.1
63.4 16.1
63.5 16.1
63.6 16.1
63.7 16.1
63.8 16.2
63.9 16.2
64.0 16.2
64.1 16.2
64.2 16.2
64.3 16.3
64.4 16.3
64.5 16.3
64.6 16.3
64.7 16.3
64.8 16.3
64.9 16.3
65.0 16.3
65.1 16.3
65.2 16.3
65.3 16.4
65.4 16.4
65.5 16.4
65.6 16.4
65.7 16.4
65.8 16.4
65.9 16.2
66.0 16.2
66.1 16.2
66.2 16.2
66.3 16.2
66.4 16.3
66.5 16.3
66.6 16.3
66.7 16.3
66.8 16.3
66.9 16.3
67.0 16.4
67.1 16.4
67.2 16.4
67.3 16.4
67.4 16.4
67.5 16.4
67.6 16.5
67.7 16.5
67.8 16.5
67.9 16.5
68.0 16.5
68.1 16.6
68.2 16.6
68.3 16.6
68.4 16.6
68.5 16.6
68.6 16.6
68.7 16.7
68.8 16.7
68.9 16.7
69.0 16.7
69.1 16.7
69.2 16.7
69.3 16.8
69.4 16.8
69.5 16.8
69.6 16.8
69.7 16.8
69.8 16.9
69.9 16.9
70.0 16.9
70.1 16.9
70.2 16.9
70.3 16.9
70.4 16.9
70.5 17.0
70.6 17.0
70.7 17.0
70.8 17.0
70.9 17.0
71.0 17.0
71.1 17.1
71.2 17.1
71.3 17.1
71.4 17.1
71.5 17.1
71.6 17.1
71.7 17.1
71.8 17.2
71.9 17.2
72.0 17.2
72.1 17.2
72.2 17.2
72.3 17.2
72.4 17.3
72.5 17.3
72.6 17.3
72.7 17.3
72.8 17.3
72.9 17.4
73.0 17.4
73.1 17.4
73.2 17.4
73.3 17.1
73.4 17.1
73.5 17.2
73.6 17.2
73.7 17.2
73.8 17.2
73.9 17.2
74.0 17.2
74.1 17.2
74.2 17.3
74.3 17.3
74.4 17.3
74.5 17.3
74.6 17.3
74.7 17.4
74.8 17.4
74.9 17.4
75.0 17.4
75.1 17.5
75.2 17.5
75.3 17.4
75.4 17.5
75.5 17.5
75.6 17.5
75.7 17.5
75.8 17.5
75.9 17.5
76.0 17.5
76.1 17.6
76.2 17.6
76.3 17.6
76.4 17.6
76.5 17.6
76.6 17.6
76.7 17.7
76.8 17.7
76.9 17.7
77.0 17.7
77.1 17.7
77.2 17.7
77.3 17.8
77.4 17.8
77.5 17.8
77.6 17.8
77.7 17.8
77.8 17.8
77.9 17.8
78.0 17.9
78.1 18.0
78.2 18.0
78.3 18.0
78.4 18.1
78.5 18.1
78.6 18.1
78.7 18.1
78.8 18.1
78.9 18.1
79.0 18.1
79.1 18.1
79.2 18.2
79.3 18.2
79.4 18.2
79.5 18.2
79.6 18.2
79.7 18.2
79.8 18.2
79.9 18.3
80.0 18.3
80.1 18.3
80.2 18.3
80.3 18.3
80.4 18.3
80.5 18.3
80.6 18.4
80.7 18.4
80.8 18.4
80.9 18.4
81.0 18.4
81.1 18.4
81.2 18.4
81.3 18.4
81.4 18.4
81.5 18.5
81.6 18.5
81.7 18.5
81.8 18.5
81.9 18.5
82.0 18.5
82.1 18.5
82.2 17.9
82.3 18.0
82.4 18.0
82.5 18.0
82.6 18.0
82.7 18.0
82.8 18.0
82.9 18.0
83.0 18.0
83.1 18.0
83.2 18.1
83.3 18.1
83.4 18.1
83.5 18.1
83.6 18.1
83.7 18.1
83.8 18.1
83.9 18.1
84.0 18.2
84.1 18.2
84.2 18.2
84.3 18.2
84.4 18.2
84.5 18.2
84.6 18.2
84.7 18.2
84.8 18.3
84.9 18.3
85.0 18.3
85.1 18.3
85.2 18.3
85.3 18.3
85.4 18.3
85.5 18.3
85.6 18.3
85.7 18.4
85.8 18.4
85.9 18.4
86.0 18.4
86.1 18.4
86.2 18.4
86.3 18.4
86.4 18.4
86.5 18.5
86.6 18.5
86.7 18.5
86.8 18.5
86.9 18.5
87.0 18.5
87.1 18.5
87.2 18.5
87.3 18.6
87.4 18.6
87.5 18.6
87.6 18.6
87.7 18.6
87.8 18.6
87.9 18.6
88.0 18.6
88.1 18.7
88.2 18.7
88.3 18.7
88.4 18.7
88.5 18.7
88.6 18.7
88.7 18.7
88.8 18.7
88.9 18.8
89.0 18.8
89.1 18.8
89.2 18.8
89.3 18.8
89.4 18.8
89.5 18.8
89.6 18.8
89.7 18.9
89.8 18.9
89.9 18.9
90.0 18.9
90.1 18.9
90.2 18.9
90.3 18.9
90.4 18.9
90.5 19.0
90.6 19.0
90.7 19.0
90.8 19.0
90.9 19.0
91.0 19.0
91.1 19.0
91.2 19.0
91.3 19.1
91.4 19.1
91.5 19.1
91.6 19.1
91.7 19.1
91.8 19.1
91.9 19.1
92.0 19.1
92.1 19.2
92.2 19.2
92.3 19.2
92.4 19.2
92.5 19.2
92.6 19.2
92.7 19.2
92.8 19.2
92.9 19.3
93.0 19.3
93.1 19.3
93.2 19.3
93.3 19.3
93.4 19.3
93.5 19.3
93.6 19.3
93.7 19.4
93.8 19.4
93.9 19.4
94.0 19.4
94.1 19.4
94.2 19.4
94.3 19.4
94.4 19.4
94.5 19.5
94.6 19.5
94.7 19.5
94.8 19.5
94.9 19.5
95.0 19.5
95.1 19.5
95.2 19.5
95.3 19.6
95.4 19.6
95.5 19.6
95.6 19.6
95.7 19.6
95.8 19.6
95.9 19.6
96.0 19.6
96.1 19.7
96.2 19.7
96.3 19.7
96.4 19.7
96.5 19.7
96.6 19.7
96.7 19.7
96.8 19.7
96.9 19.8
97.0 19.8
97.1 19.8
97.2 19.8
97.3 19.8
97.4 19.8
97.5 19.8
97.6 19.8
97.7 19.9
97.8 19.9
97.9 19.9
98.0 19.9
98.1 19.9
98.2 19.9
98.3 19.9
98.4 19.9
98.5 20.0
98.6 20.0
98.7 20.0
98.8 20.0
98.9 20.0
99.0 20.0
99.1 20.0
99.2 20.1
99.3 20.1
99.4 20.1
99.5 20.1
99.6 20.1
99.7 20.1
99.8 20.1
99.9 20.1
100.0 20.2
100.1 20.2
100.2 20.2
100.3 20.2
100.4 20.2
100.5 20.2
100.6 20.2
100.7 20.2
100.8 20.3
100.9 20.3
101.0 20.3
101.1 20.3
101.2 20.3
101.3 20.3
101.4 20.3
101.5 20.3
101.6 20.4
101.7 20.4
101.8 20.4
101.9 20.4
102.0 20.4
102.1 20.4
102.2 20.4
102.3 20.4
102.4 20.5
102.5 20.5
102.6 20.5
102.7 20.5
102.8 20.5
102.9 20.5
103.0 20.5
103.1 20.6
103.2 20.6
103.3 20.6
103.4 20.6
103.5 20.6
103.6 20.6
103.7 20.6
103.8 20.7
103.9 20.7
104.0 20.7
104.1 20.7
104.2 20.7
104.3 20.7
104.4 20.7
104.5 20.7
104.6 20.8
104.7 20.8
104.8 20.8
104.9 20.8
105.0 20.8
105.1 20.8
105.2 20.8
105.3 20.9
105.4 20.9
105.5 20.9
105.6 20.9
105.7 20.9
105.8 20.9
105.9 20.9
106.0 21.0
106.1 21.0
106.2 21.0
106.3 21.0
106.4 21.0
106.5 21.0
106.6 21.0
106.7 21.1
106.8 21.1
106.9 21.1
107.0 21.1
107.1 21.1
107.2 21.1
107.3 21.1
107.4 21.1
107.5 21.2
107.6 21.2
107.7 21.2
107.8 21.2
107.9 21.2
108.0 21.2
108.1 21.2
108.2 21.3
108.3 21.3
108.4 21.3
108.5 21.3
108.6 21.3
108.7 21.3
108.8 21.3
108.9 21.4
109.0 21.4
109.1 21.4
109.2 21.4
109.3 21.4
109.4 21.4
109.5 21.4
109.6 21.5
109.7 21.5
109.8 21.5
109.9 21.5
110.0 21.5
110.1 21.5
110.2 21.5
110.3 21.5
110.4 21.6
110.5 21.6
110.6 21.6
110.7 21.6
110.8 21.6
110.9 21.6
111.0 21.6
111.1 21.7
111.2 21.7
111.3 21.7
111.4 21.7
111.5 21.8
111.6 21.8
111.7 21.8
111.8 21.8
111.9 21.8
112.0 21.8
112.1 21.9
112.2 21.9
112.3 21.9
112.4 21.9
112.5 21.9
112.6 21.9
112.7 21.9
112.8 22.0
112.9 22.0
113.0 22.0
113.1 22.0
113.2 22.0
113.3 22.1
113.4 22.2
113.5 22.2
113.6 22.2
113.7 22.2
113.8 22.2
113.9 22.2
114.0 22.3
114.1 22.3
114.2 22.3
114.3 22.3
114.4 22.3
114.5 22.3
114.6 22.3
114.7 22.4
114.8 22.4
114.9 22.4
115.0 22.4
115.1 22.4
115.2 22.4
115.3 22.5
115.4 22.5
115.5 22.5
115.6 22.5
115.7 22.5
115.8 22.5
115.9 22.5
116.0 22.6
116.1 22.6
116.2 22.6
116.3 22.6
116.4 22.6
116.5 22.6
116.6 22.7
116.7 22.7
116.8 22.7
116.9 22.7
117.0 22.7
117.1 22.7
117.2 22.7
117.3 22.8
117.4 22.8
117.5 22.8
117.6 22.8
117.7 22.8
117.8 22.8
117.9 22.9
118.0 22.9
118.1 22.9
118.2 22.9
118.3 22.9
118.4 23.0
118.5 23.0
118.6 23.0
118.7 23.0
118.8 23.0
118.9 23.0
119.0 23.1
119.1 23.1
119.2 23.1
119.3 23.1
119.4 23.1
119.5 23.2
119.6 23.2
119.7 23.2
119.8 23.2
119.9 23.2
120.0 23.2
120.1 23.3
120.2 23.3
120.3 23.3
120.4 23.3
120.5 23.3
120.6 23.4
120.7 23.4
120.8 23.4
120.9 23.4
121.0 23.4
121.1 23.4
121.2 23.5
121.3 23.5
121.4 23.5
121.5 23.5
121.6 23.5
121.7 23.5
121.8 23.6
121.9 23.6
122.0 23.6
122.1 23.6
122.2 23.6
122.3 23.7
122.4 23.7
122.5 23.7
122.6 23.7
122.7 23.7
122.8 23.8
122.9 23.8
123.0 23.8
123.1 23.8
123.2 23.8
123.3 23.8
123.4 23.9
123.5 23.9
123.6 23.9
123.7 23.9
123.8 23.9
123.9 24.0
124.0 24.0
124.1 24.0
124.2 24.0
124.3 24.0
124.4 24.0
124.5 24.1
124.6 24.1
124.7 24.1
124.8 24.1
124.9 24.1
125.0 24.2
125.1 24.2
125.2 24.2
125.3 24.2
125.4 24.2
125.5 24.2
125.6 24.3
125.7 24.3
125.8 24.3
125.9 24.3
126.0 23.9
126.1 24.0
126.2 24.0
126.3 24.0
126.4 24.0
126.5 24.1
126.6 24.1
126.7 24.1
126.8 24.1
126.9 24.2
127.0 24.2
127.1 24.2
127.2 24.2
127.3 24.2
127.4 24.3
127.5 24.3
127.6 24.3
127.7 24.3
127.8 24.4
127.9 24.4
128.0 24.4
128.1 24.4
128.2 24.5
128.3 24.5
128.4 24.5
128.5 24.5
128.6 24.5
128.7 24.6
128.8 24.6
128.9 24.6
129.0 24.6
129.1 24.7
129.2 24.7
129.3 24.7
129.4 24.7
129.5 24.8
129.6 27.2
129.7 27.3
129.8 27.3
129.9 27.3
130.0 27.3
130.1 27.4
130.2 27.4
130.3 27.4
130.4 27.4
130.5 27.5
130.6 27.5
130.7 27.5
130.8 27.5
130.9 27.6
131.0 27.6
131.1 27.6
131.2 27.7
131.3 27.7
131.4 27.7
131.5 27.7
131.6 27.8
131.7 27.8
131.8 27.8
131.9 27.8
132.0 27.9
132.1 27.9
132.2 27.9
132.3 27.9
132.4 28.0
132.5 28.0
132.6 28.0
132.7 28.0
132.8 28.1
132.9 28.1
133.0 28.1
133.1 28.2
133.2 28.2
133.3 28.2
133.4 28.3
133.5 28.3
133.6 28.3
133.7 28.4
133.8 28.4
133.9 28.4
134.0 28.5
134.1 28.5
134.2 28.5
134.3 28.6
134.4 28.6
134.5 28.6
134.6 28.7
134.7 28.7
134.8 28.7
134.9 28.8
135.0 28.8
135.1 28.8
135.2 28.9
135.3 28.9
135.4 28.9
135.5 29.0
135.6 29.0
135.7 29.0
135.8 29.0
135.9 29.1
136.0 29.1
136.1 29.1
136.2 29.2
136.3 29.2
136.4 29.2
136.5 29.3
136.6 29.3
136.7 29.4
136.8 29.4
136.9 29.4
137.0 29.5
137.1 29.5
137.2 29.5
137.3 29.6
137.4 29.6
137.5 29.6
137.6 29.7
137.7 29.7
137.8 29.8
137.9 29.8
138.0 29.8
138.1 29.9
138.2 29.9
138.3 29.9
138.4 30.0
138.5 30.0
138.6 30.1
138.7 30.1
138.8 30.1
138.9 30.2
139.0 30.2
139.1 30.2
139.2 30.3
139.3 30.3
139.4 30.4
139.5 30.4
139.6 30.4
139.7 30.5
139.8 30.5
139.9 30.5
140.0 30.6
140.1 30.6
140.2 30.6
140.3 30.7
140.4 30.7
140.5 30.8
140.6 30.8
140.7 30.8
140.8 30.9
140.9 30.9
141.0 30.9
141.1 31.0
141.2 31.0
141.3 31.1
141.4 31.1
141.5 31.1
141.6 31.2
141.7 31.2
141.8 31.3
141.9 31.3
142.0 31.3
142.1 31.4
142.2 31.4
142.3 31.5
142.4 31.5
142.5 31.5
142.6 31.6
142.7 31.6
142.8 31.7
142.9 31.7
143.0 31.7
143.1 31.8
143.2 31.8
143.3 31.9
143.4 31.9
143.5 31.9
143.6 32.0
143.7 32.0
143.8 32.1
143.9 32.1
144.0 32.2
144.1 32.2
144.2 32.2
144.3 32.3
144.4 32.3
144.5 32.4
144.6 32.4
144.7 32.4
144.8 32.5
144.9 32.5
145.0 32.6
145.1 32.6
145.2 32.6
145.3 32.7
145.4 32.7
145.5 32.8
145.6 32.8
145.7 32.9
145.8 32.9
145.9 32.9
146.0 33.0
146.1 33.0
146.2 33.1
146.3 32.4
146.4 32.4
146.5 32.5
146.6 32.5
146.7 32.5
146.8 32.6
146.9 32.6
147.0 32.7
147.1 32.7
147.2 32.7
147.3 32.8
147.4 32.8
147.5 32.9
147.6 32.9
147.7 33.0
147.8 33.0
147.9 33.0
148.0 33.1
148.1 33.1
148.2 33.2
148.3 33.2
148.4 33.3
148.5 33.3
148.6 33.3
148.7 33.4
148.8 33.4
148.9 33.5
149.0 33.5
149.1 33.6
149.2 33.6
149.3 33.6
149.4 33.7
149.5 33.7
149.6 33.8
149.7 33.8
149.8 33.9
149.9 33.9
150.0 33.9
150.1 34.0
150.2 34.0
150.3 34.1
150.4 34.1
150.5 34.2
150.6 34.2
150.7 34.2
150.8 34.3
150.9 34.3
151.0 34.4
151.1 34.4
151.2 34.5
151.3 34.5
151.4 34.5
151.5 34.6
151.6 34.6
151.7 34.7
151.8 34.7
151.9 34.8
152.0 34.8
152.1 34.8
152.2 34.9
152.3 34.9
152.4 35.0
152.5 35.0
152.6 35.1
152.7 35.1
152.8 35.1
152.9 35.2
153.0 35.2
153.1 35.3
153.2 35.3
153.3 35.4
153.4 35.4
153.5 35.4
153.6 35.5
153.7 35.5
153.8 35.6
153.9 35.6
154.0 35.6
154.1 35.7
154.2 35.7
154.3 35.8
154.4 35.8
154.5 35.9
154.6 35.9
154.7 35.9
154.8 36.0
154.9 36.0
155.0 36.1
155.1 36.1
155.2 36.2
155.3 36.2
155.4 36.2
155.5 36.3
155.6 36.3
155.7 36.4
155.8 36.4
155.9 36.5
156.0 36.5
156.1 36.5
156.2 36.6
156.3 36.6
156.4 36.7
156.5 36.7
156.6 36.8
156.7 36.8
156.8 36.8
156.9 36.9
157.0 36.9
157.1 37.0
157.2 37.0
157.3 37.1
157.4 37.1
157.5 37.1
157.6 37.2
157.7 37.2
157.8 36.9
157.9 36.9
158.0 37.0
158.1 37.0
158.2 37.0
158.3 37.1
158.4 37.1
158.5 37.2
158.6 37.2
158.7 37.3
158.8 37.3
158.9 37.3
159.0 37.4
159.1 37.4
159.2 37.5
159.3 37.5
159.4 37.6
159.5 37.6
159.6 37.6
159.7 37.7
159.8 37.7
159.9 37.8
160.0 37.8
160.1 37.8
160.2 37.9
160.3 37.9
160.4 38.0
160.5 38.0
160.6 38.1
160.7 38.1
160.8 38.1
160.9 38.2
161.0 38.2
161.1 38.3
161.2 38.3
161.3 38.3
161.4 38.4
161.5 38.4
161.6 38.5
161.7 38.5
161.8 38.6
161.9 38.6
162.0 38.6
162.1 38.7
162.2 38.7
162.3 38.8
162.4 38.8
162.5 38.8
162.6 38.9
162.7 38.9
162.8 39.0
162.9 39.0
163.0 39.1
163.1 39.1
163.2 39.1
163.3 39.2
163.4 39.2
163.5 39.3
163.6 39.3
163.7 39.4
163.8 39.4
163.9 39.4
164.0 39.5
164.1 39.5
164.2 39.6
164.3 39.6
164.4 39.6
164.5 39.7
164.6 39.7
164.7 39.8
164.8 39.8
164.9 39.9
165.0 39.9
165.1 39.9
165.2 40.0
165.3 40.0
165.4 40.1
165.5 40.1
165.6 40.1
165.7 40.2
165.8 40.2
165.9 40.3
166.0 40.3
166.1 40.4
166.2 40.4
166.3 40.4
166.4 40.5
166.5 40.5
166.6 40.6
166.7 40.6
166.8 40.6
166.9 40.7
167.0 40.7
167.1 40.8
167.2 40.8
167.3 40.9
167.4 40.9
167.5 40.9
167.6 41.0
167.7 41.0
167.8 41.1
167.9 41.1
168.0 41.1
168.1 41.2
168.2 41.2
168.3 41.3
168.4 41.3
168.5 41.4
168.6 41.4
168.7 41.4
168.8 41.5
168.9 41.5
169.0 41.6
169.1 41.6
169.2 41.7
169.3 41.7
169.4 41.7
169.5 41.8
169.6 41.8
169.7 41.9
169.8 41.9
169.9 41.9
170.0 42.0
170.1 42.0
170.2 42.1
170.3 42.1
170.4 42.2
170.5 42.2
170.6 42.2
170.7 42.3
170.8 42.3
170.9 42.4
171.0 42.4
171.1 42.4
171.2 42.5
171.3 42.5
171.4 42.6
171.5 42.6
171.6 42.7
171.7 42.7
171.8 42.7
171.9 42.8
172.0 42.8
172.1 42.9
172.2 42.9
172.3 42.9
172.4 43.0
172.5 43.0
172.6 43.1
172.7 43.1
172.8 43.2
172.9 43.2
173.0 43.2
173.1 43.3
173.2 43.3
173.3 43.4
173.4 43.4
173.5 43.5
173.6 43.5
173.7 43.5
173.8 43.6
173.9 43.6
174.0 43.7
174.1 43.7
174.2 43.7
174.3 43.8
174.4 43.8
174.5 43.9
174.6 43.9
174.7 44.0
174.8 44.0
174.9 44.0
175.0 44.1
175.1 44.1
175.2 44.2
175.3 44.2
175.4 44.2
175.5 44.3
175.6 44.3
175.7 44.4
175.8 44.4
175.9 44.5
176.0 44.5
176.1 44.5
176.2 44.6
176.3 44.6
176.4 44.7
176.5 44.7
176.6 44.7
176.7 44.8
176.8 44.8
176.9 44.9
177.0 44.9
177.1 45.0
177.2 45.0
177.3 45.0
177.4 45.1
177.5 45.1
177.6 45.2
177.7 45.2
177.8 45.2
177.9 45.3
178.0 45.3
178.1 45.4
178.2 45.4
178.3 45.5
178.4 45.5
178.5 45.5
178.6 45.6
178.7 45.6
178.8 45.7
178.9 45.7
179.0 45.7
179.1 45.8
179.2 45.8
179.3 45.9
179.4 45.9
179.5 46.0
179.6 46.0
179.7 46.0
179.8 46.1
179.9 46.1
180.0 46.2
180.1 46.2
180.2 46.2
180.3 46.3
180.4 46.3
180.5 46.4
180.6 46.4
180.7 46.5
180.8 46.5
180.9 46.5
181.0 46.6
181.1 46.6
181.2 46.7
181.3 46.7
181.4 46.7
181.5 46.8
181.6 46.8
181.7 46.9
181.8 46.9
181.9 46.9
182.0 47.0
182.1 47.0
182.2 47.1
182.3 47.1
182.4 47.2
182.5 47.2
182.6 47.2
182.7 47.3
182.8 47.3
182.9 47.4
183.0 47.4
183.1 47.4
183.2 47.5
183.3 47.5
183.4 47.6
183.5 47.6
183.6 47.7
183.7 47.7
183.8 47.7
183.9 47.8
184.0 47.8
184.1 47.9
184.2 47.9
184.3 47.9
184.4 48.0
184.5 48.0
184.6 48.1
184.7 48.1
184.8 48.2
184.9 48.2
185.0 48.2
185.1 48.3
185.2 48.3
185.3 48.4
185.4 48.4
185.5 48.4
185.6 48.5
185.7 48.5
185.8 48.6
185.9 48.6
186.0 48.6
186.1 48.7
186.2 48.7
186.3 48.8
186.4 48.8
186.5 48.9
186.6 48.9
186.7 48.9
186.8 49.0
186.9 49.0
187.0 49.1
187.1 49.1
187.2 49.1
187.3 49.2
187.4 49.2
187.5 49.3
187.6 49.3
187.7 49.4
187.8 49.4
187.9 49.4
188.0 49.5
188.1 49.5
188.2 49.6
188.3 49.6
188.4 49.6
188.5 49.7
188.6 49.7
188.7 49.8
188.8 49.8
188.9 49.9
189.0 49.9
189.1 49.9
189.2 50.0
