-40.0 6.0
-39.9 6.0
-39.8 6.0
-39.7 6.0
-39.6 6.0
-39.5 6.0
-39.4 6.0
-39.3 6.1
-39.2 6.1
-39.1 6.1
-39.0 6.1
-38.9 6.1
-38.8 6.1
-38.7 6.1
-38.6 6.1
-38.5 6.1
-38.4 6.1
-38.3 6.1
-38.2 6.1
-38.1 6.1
-38.0 6.1
-37.9 6.1
-37.8 6.1
-37.7 6.1
-37.6 6.1
-37.5 6.1
-37.4 6.1
-37.3 6.1
-37.2 6.1
-37.1 6.1
-37.0 6.1
-36.9 6.1
-36.8 6.1
-36.7 6.1
-36.6 6.1
-36.5 6.1
-36.4 6.1
-36.3 6.1
-36.2 6.1
-36.1 6.1
-36.0 6.2
-35.9 6.2
-35.8 6.2
-35.7 6.2
-35.6 6.2
-35.5 6.2
-35.4 6.2
-35.3 6.2
-35.2 6.2
-35.1 6.2
-35.0 6.2
-34.9 6.2
-34.8 6.2
-34.7 6.2
-34.6 6.2
-34.5 6.2
-34.4 6.2
-34.3 6.2
-34.2 6.2
-34.1 6.2
-34.0 6.2
-33.9 6.2
-33.8 6.2
-33.7 6.2
-33.6 6.2
-33.5 6.2
-33.4 6.2
-33.3 6.2
-33.2 6.2
-33.1 6.2
-33.0 6.2
-32.9 6.2
-32.8 6.2
-32.7 6.3
-32.6 6.3
-32.5 6.3
-32.4 6.3
-32.3 6.3
-32.2 6.3
-32.1 6.3
-32.0 6.3
-31.9 6.3
-31.8 6.3
-31.7 6.3
-31.6 6.3
-31.5 6.3
-31.4 6.3
-31.3 6.3
-31.2 6.3
-31.1 6.3
-31.0 6.3
-30.9 6.3
-30.8 6.3
-30.7 6.3
-30.6 6.3
-30.5 6.3
-30.4 6.3
-30.3 6.3
-30.2 6.3
-30.1 6.3
-30.0 6.3
-29.9 6.3
-29.8 6.3
-29.7 6.3
-29.6 6.3
-29.5 6.3
-29.4 6.3
-29.3 6.3
-29.2 6.3
-29.1 6.4
-29.0 6.4
-28.9 6.4
-28.8 6.4
-28.7 6.4
-28.6 6.4
-28.5 6.4
-28.4 6.4
-28.3 6.4
-28.2 6.4
-28.1 6.4
-28.0 6.4
-27.9 6.4
-27.8 6.4
-27.7 6.4
-27.6 6.4
-27.5 6.4
-27.4 6.4
-27.3 6.4
-27.2 6.4
-27.1 6.4
-27.0 6.4
-26.9 6.4
-26.8 6.4
-26.7 6.4
-26.6 6.4
-26.5 6.4
-26.4 6.4
-26.3 6.4
-26.2 6.4
-26.1 6.4
-26.0 6.4
-25.9 6.4
-25.8 6.4
-25.7 6.4
-25.6 6.4
-25.5 6.4
-25.4 6.4
-25.3 6.4
-25.2 6.4
-25.1 6.4
-25.0 6.4
-24.9 6.4
-24.8 6.4
-24.7 6.4
-24.6 6.4
-24.5 6.4
-24.4 6.4
-24.3 6.4
-24.2 6.4
-24.1 6.4
-24.0 6.4
-23.9 6.4
-23.8 6.4
-23.7 6.4
-23.6 6.4
-23.5 6.4
-23.4 6.4
-23.3 6.4
-23.2 6.4
-23.1 6.4
-23.0 6.4
-22.9 6.4
-22.8 6.4
-22.7 6.5
-22.6 6.5
-22.5 6.5
-22.4 6.5
-22.3 6.5
-22.2 6.5
-22.1 6.5
-22.0 6.5
-21.9 6.5
-21.8 6.5
-21.7 6.5
-21.6 6.5
-21.5 6.5
-21.4 6.5
-21.3 6.5
-21.2 6.5
-21.1 6.5
-21.0 6.5
-20.9 6.5
-20.8 6.5
-20.7 6.5
-20.6 6.5
-20.5 6.5
-20.4 6.5
-20.3 6.5
-20.2 6.5
-20.1 6.5
-20.0 6.5
-19.9 6.5
-19.8 6.5
-19.7 6.5
-19.6 6.5
-19.5 6.5
-19.4 6.5
-19.3 6.5
-19.2 6.5
-19.1 6.5
-19.0 6.5
-18.9 6.5
-18.8 6.5
-18.7 6.5
-18.6 6.5
-18.5 6.5
-18.4 6.5
-18.3 6.5
-18.2 6.5
-18.1 6.5
-18.0 6.5
-17.9 6.5
-17.8 6.5
-17.7 6.5
-17.6 6.5
-17.5 6.5
-17.4 6.5
-17.3 6.5
-17.2 6.5
-17.1 6.5
-17.0 6.5
-16.9 6.5
-16.8 6.5
-16.7 6.5
-16.6 6.5
-16.5 6.5
-16.4 6.5
-16.3 6.6
-16.2 6.6
-16.1 6.6
-16.0 6.6
-15.9 6.6
-15.8 6.6
-15.7 6.6
-15.6 6.6
-15.5 6.6
-15.4 6.6
-15.3 6.6
-15.2 6.6
-15.1 6.6
-15.0 6.6
-14.9 6.6
-14.8 6.6
-14.7 6.6
-14.6 6.6
-14.5 6.6
-14.4 6.6
-14.3 6.6
-14.2 6.6
-14.1 6.6
-14.0 6.6
-13.9 6.6
-13.8 6.6
-13.7 6.6
-13.6 6.6
-13.5 6.6
-13.4 6.6
-13.3 6.6
-13.2 6.6
-13.1 6.6
-13.0 6.6
-12.9 6.6
-12.8 6.6
-12.7 6.6
-12.6 6.7
-12.5 6.7
-12.4 6.7
-12.3 6.7
-12.2 6.7
-12.1 6.7
-12.0 6.7
-11.9 6.7
-11.8 6.7
-11.7 6.7
-11.6 6.7
-11.5 6.7
-11.4 6.7
-11.3 6.7
-11.2 6.7
-11.1 6.7
-11.0 6.7
-10.9 6.7
-10.8 6.7
-10.7 6.7
-10.6 6.7
-10.5 6.7
-10.4 6.7
-10.3 6.7
-10.2 6.7
-10.1 6.7
-10.0 6.7
-9.9 6.7
-9.8 6.7
-9.7 6.7
-9.6 6.7
-9.5 6.8
-9.4 6.8
-9.3 6.8
-9.2 6.8
-9.1 6.8
-9.0 6.8
-8.9 6.8
-8.8 6.8
-8.7 6.8
-8.6 6.8
-8.5 6.8
-8.4 6.8
-8.3 6.8
-8.2 6.8
-8.1 6.8
-8.0 6.8
-7.9 6.8
-7.8 6.8
-7.7 6.8
-7.6 6.8
-7.5 6.8
-7.4 6.8
-7.3 6.8
-7.2 6.8
-7.1 6.8
-7.0 6.8
-6.9 6.8
-6.8 6.8
-6.7 6.8
-6.6 6.8
-6.5 6.9
-6.4 6.9
-6.3 6.9
-6.2 6.9
-6.1 6.9
-6.0 6.9
-5.9 6.9
-5.8 6.9
-5.7 6.9
-5.6 6.9
-5.5 6.9
-5.4 6.9
-5.3 6.9
-5.2 6.9
-5.1 6.9
-5.0 6.9
-4.9 6.9
-4.8 6.9
-4.7 6.9
-4.6 6.9
-4.5 6.9
-4.4 6.9
-4.3 6.9
-4.2 6.9
-4.1 6.9
-4.0 6.9
-3.9 6.9
-3.8 6.9
-3.7 6.9
-3.6 6.9
-3.5 6.9
-3.4 7.0
-3.3 7.0
-3.2 7.0
-3.1 7.0
-3.0 7.0
-2.9 7.0
-2.8 7.0
-2.7 7.0
-2.6 7.0
-2.5 7.0
-2.4 7.0
-2.3 7.0
-2.2 7.0
-2.1 7.0
-2.0 7.0
-1.9 7.0
-1.8 7.0
-1.7 7.0
-1.6 7.0
-1.5 7.0
-1.4 7.0
-1.3 7.0
-1.2 7.0
-1.1 7.0
-1.0 7.0
-0.9 7.0
-0.8 7.0
-0.7 7.0
-0.6 7.0
-0.5 7.1
-0.4 7.1
-0.3 7.1
-0.2 7.1
-0.1 7.1
0.0 7.1
0.1 7.1
0.2 7.1
0.3 7.1
0.4 7.1
0.5 7.1
0.6 7.1
0.7 7.1
0.8 7.1
0.9 7.1
1.0 7.1
1.1 7.1
1.2 7.1
1.3 7.1
1.4 7.1
1.5 7.1
1.6 7.1
1.7 7.2
1.8 7.2
1.9 7.2
2.0 7.2
2.1 7.2
2.2 7.2
2.3 7.2
2.4 7.2
2.5 7.2
2.6 7.2
2.7 7.2
2.8 7.2
2.9 7.2
3.0 7.2
3.1 7.2
3.2 7.2
3.3 7.2
3.4 7.2
3.5 7.2
3.6 7.2
3.7 7.2
3.8 7.3
3.9 7.3
4.0 7.3
4.1 7.3
4.2 7.3
4.3 7.3
4.4 7.3
4.5 7.3
4.6 7.3
4.7 7.3
4.8 7.3
4.9 7.3
5.0 7.3
5.1 7.3
5.2 7.3
5.3 7.3
5.4 7.3
5.5 7.3
5.6 7.3
5.7 7.3
5.8 7.3
5.9 7.3
6.0 7.4
6.1 7.4
6.2 7.4
6.3 7.4
6.4 7.4
6.5 7.4
6.6 7.4
6.7 7.4
6.8 7.4
6.9 7.4
7.0 7.4
7.1 7.4
7.2 7.4
7.3 7.4
7.4 7.4
7.5 7.4
7.6 7.4
7.7 7.4
7.8 7.4
7.9 7.4
8.0 7.5
8.1 7.5
8.2 7.5
8.3 7.5
8.4 7.5
8.5 7.5
8.6 7.5
8.7 7.5
8.8 7.5
8.9 7.5
9.0 7.5
9.1 7.5
9.2 7.5
9.3 7.5
9.4 7.5
9.5 7.5
9.6 7.5
9.7 7.5
9.8 7.5
9.9 7.5
10.0 7.6
10.1 7.6
10.2 7.6
10.3 7.6
10.4 7.6
10.5 7.6
10.6 7.6
10.7 7.6
10.8 7.6
10.9 7.6
11.0 7.6
11.1 7.6
11.2 7.6
11.3 7.6
11.4 7.6
11.5 7.6
11.6 7.6
11.7 7.6
11.8 7.6
11.9 7.7
12.0 7.7
12.1 7.7
12.2 7.7
12.3 7.7
12.4 7.7
12.5 7.7
12.6 7.7
12.7 7.7
12.8 7.7
12.9 7.7
13.0 7.7
13.1 7.7
13.2 7.7
13.3 7.7
13.4 7.7
13.5 7.7
13.6 7.7
13.7 7.7
13.8 7.7
13.9 7.8
14.0 7.8
14.1 7.8
14.2 7.8
14.3 7.8
14.4 7.8
14.5 7.8
14.6 7.8
14.7 7.8
14.8 7.8
14.9 7.8
15.0 7.8
15.1 7.8
15.2 7.8
15.3 7.8
15.4 7.8
15.5 7.8
15.6 7.8
15.7 7.8
15.8 7.8
15.9 7.8
16.0 7.8
16.1 7.8
16.2 7.8
16.3 7.8
16.4 7.8
16.5 7.8
16.6 7.8
16.7 7.8
16.8 7.8
16.9 7.8
17.0 7.8
17.1 7.8
17.2 7.8
17.3 7.8
17.4 7.8
17.5 7.8
17.6 7.8
17.7 7.8
17.8 7.8
17.9 7.8
18.0 7.8
18.1 7.8
18.2 7.8
18.3 7.8
18.4 7.8
18.5 7.8
18.6 7.8
18.7 7.8
18.8 7.8
18.9 7.8
19.0 7.8
19.1 7.8
19.2 7.8
19.3 7.8
19.4 7.9
19.5 7.9
19.6 7.9
19.7 7.9
19.8 7.9
19.9 7.9
20.0 7.9
20.1 7.9
20.2 7.9
20.3 7.9
20.4 7.9
20.5 7.9
20.6 7.9
20.7 7.9
20.8 7.9
20.9 7.9
21.0 7.9
21.1 7.9
21.2 7.9
21.3 7.9
21.4 7.9
21.5 7.9
21.6 7.9
21.7 7.9
21.8 7.9
21.9 7.9
22.0 7.9
22.1 7.9
22.2 7.9
22.3 7.9
22.4 7.9
22.5 7.9
22.6 7.9
22.7 7.9
22.8 7.9
22.9 7.9
23.0 7.9
23.1 7.9
23.2 7.9
23.3 7.9
23.4 7.9
23.5 7.9
23.6 7.9
23.7 7.9
23.8 7.9
23.9 7.9
24.0 7.9
24.1 7.9
24.2 7.9
24.3 7.9
24.4 7.9
24.5 7.9
24.6 7.9
24.7 7.9
24.8 7.9
24.9 7.9
25.0 8.0
25.1 8.0
25.2 8.0
25.3 8.0
25.4 8.0
25.5 8.0
25.6 8.0
25.7 8.0
25.8 8.0
25.9 8.0
26.0 8.0
26.1 8.0
26.2 8.0
26.3 8.0
26.4 8.0
26.5 8.0
26.6 8.0
26.7 8.0
26.8 8.0
26.9 8.0
27.0 8.0
27.1 8.0
27.2 8.0
27.3 8.0
27.4 8.0
27.5 8.0
27.6 8.0
27.7 8.0
27.8 8.0
27.9 8.0
28.0 8.0
28.1 8.0
28.2 8.0
28.3 8.1
28.4 8.1
28.5 8.1
28.6 8.1
28.7 8.1
28.8 8.1
28.9 8.1
29.0 8.1
29.1 8.1
29.2 8.1
29.3 8.1
29.4 8.1
29.5 8.1
29.6 8.1
29.7 8.1
29.8 8.1
29.9 8.1
30.0 8.1
30.1 8.1
30.2 8.1
30.3 8.1
30.4 8.1
30.5 8.1
30.6 8.1
30.7 8.1
30.8 8.1
30.9 8.1
31.0 8.1
31.1 8.1
31.2 8.1
31.3 8.1
31.4 8.1
31.5 8.1
31.6 8.1
31.7 8.1
31.8 8.1
31.9 8.1
32.0 8.2
32.1 8.2
32.2 8.2
32.3 8.2
32.4 8.2
32.5 8.2
32.6 8.2
32.7 8.2
32.8 8.2
32.9 8.2
33.0 8.2
33.1 8.2
33.2 8.2
33.3 8.2
33.4 8.2
33.5 8.2
33.6 8.2
33.7 8.2
33.8 8.2
33.9 8.2
34.0 8.2
34.1 8.2
34.2 8.2
34.3 8.2
34.4 8.2
34.5 8.2
34.6 8.2
34.7 8.2
34.8 8.2
34.9 8.2
35.0 8.2
35.1 8.2
35.2 8.2
35.3 8.2
35.4 8.2
35.5 8.2
35.6 8.2
35.7 8.2
35.8 8.2
35.9 8.2
36.0 8.2
36.1 8.3
36.2 8.3
36.3 8.3
36.4 8.3
36.5 8.3
36.6 8.3
36.7 8.3
36.8 8.3
36.9 8.3
37.0 8.3
37.1 8.3
37.2 8.3
37.3 8.3
37.4 8.3
37.5 8.3
37.6 8.3
37.7 8.3
37.8 8.3
37.9 8.3
38.0 8.3
38.1 8.3
38.2 8.3
38.3 8.3
38.4 8.3
38.5 8.3
38.6 8.3
38.7 8.3
38.8 8.3
38.9 8.3
39.0 8.3
39.1 8.3
39.2 8.3
39.3 8.3
39.4 8.3
39.5 8.3
39.6 8.3
39.7 8.3
39.8 8.3
39.9 8.3
40.0 8.3
40.1 8.3
40.2 8.3
40.3 8.3
40.4 8.4
40.5 8.4
40.6 8.4
40.7 8.4
40.8 8.4
40.9 8.4
41.0 8.4
41.1 8.4
41.2 8.4
41.3 8.4
41.4 8.4
41.5 8.4
41.6 8.4
41.7 8.4
41.8 8.4
41.9 8.4
42.0 8.4
42.1 8.4
42.2 8.4
42.3 8.4
42.4 8.4
42.5 8.4
42.6 8.4
42.7 8.4
42.8 8.4
42.9 8.4
43.0 8.4
43.1 8.4
43.2 8.4
43.3 8.4
43.4 8.4
43.5 8.4
43.6 8.4
43.7 8.4
43.8 8.4
43.9 8.4
44.0 8.4
44.1 8.4
44.2 8.4
44.3 8.4
44.4 8.4
44.5 8.4
44.6 8.4
44.7 8.4
44.8 8.4
44.9 8.4
45.0 8.4
45.1 8.4
45.2 8.4
45.3 8.4
45.4 8.4
45.5 8.4
45.6 8.4
45.7 8.4
45.8 8.4
45.9 8.4
46.0 8.4
46.1 8.4
46.2 8.4
46.3 8.4
46.4 8.4
46.5 8.4
46.6 8.4
46.7 8.4
46.8 8.4
46.9 8.4
47.0 8.4
47.1 8.4
47.2 8.4
47.3 8.4
47.4 8.4
47.5 8.4
47.6 8.4
47.7 8.4
47.8 8.4
47.9 8.5
48.0 8.5
48.1 8.5
48.2 8.5
48.3 8.5
48.4 8.5
48.5 8.5
48.6 8.5
48.7 8.5
48.8 8.5
48.9 8.5
49.0 8.5
49.1 8.5
49.2 8.5
49.3 8.5
49.4 8.5
49.5 8.5
49.6 8.5
49.7 8.5
49.8 8.5
49.9 8.5
50.0 8.5
50.1 8.5
50.2 8.5
50.3 8.5
50.4 8.5
50.5 8.5
50.6 8.5
50.7 8.5
50.8 8.5
50.9 8.5
51.0 8.5
51.1 8.5
51.2 8.5
51.3 8.5
51.4 8.5
51.5 8.5
51.6 8.5
51.7 8.5
51.8 8.5
51.9 8.5
52.0 8.5
52.1 8.5
52.2 8.5
52.3 8.5
52.4 8.5
52.5 8.5
52.6 8.5
52.7 8.5
52.8 8.5
52.9 8.5
53.0 8.5
53.1 8.5
53.2 8.5
53.3 8.5
53.4 8.5
53.5 8.5
53.6 8.5
53.7 8.5
53.8 8.5
53.9 8.5
54.0 8.5
54.1 8.5
54.2 8.5
54.3 8.5
54.4 8.5
54.5 8.5
54.6 8.5
54.7 8.5
54.8 8.5
54.9 8.5
55.0 8.5
55.1 8.5
55.2 8.5
55.3 8.5
55.4 8.5
55.5 8.5
55.6 8.5
55.7 8.5
55.8 8.5
55.9 8.5
56.0 8.5
56.1 8.5
56.2 8.5
56.3 8.5
56.4 8.5
56.5 8.5
56.6 8.5
56.7 8.5
56.8 8.5
56.9 8.5
57.0 8.5
57.1 8.5
57.2 8.5
57.3 8.5
57.4 8.5
57.5 8.5
57.6 8.5
57.7 8.5
57.8 8.5
57.9 8.5
58.0 8.5
58.1 8.5
58.2 8.5
58.3 8.5
58.4 8.5
58.5 8.5
58.6 8.5
58.7 8.5
58.8 8.5
58.9 8.5
59.0 8.5
59.1 8.5
59.2 8.5
59.3 8.5
59.4 8.5
59.5 8.5
59.6 8.5
59.7 8.5
59.8 8.5
59.9 8.5
60.0 8.5
60.1 8.5
60.2 8.5
60.3 8.5
60.4 8.5
60.5 8.5
60.6 8.5
60.7 8.5
60.8 8.5
60.9 8.5
61.0 8.5
61.1 8.5
61.2 8.5
61.3 8.5
61.4 8.5
61.5 8.5
61.6 8.5
61.7 8.5
61.8 8.5
61.9 8.5
62.0 8.5
62.1 8.5
62.2 8.5
62.3 8.5
62.4 8.5
62.5 8.5
62.6 8.5
62.7 8.5
62.8 8.5
62.9 8.5
63.0 8.5
63.1 8.5
63.2 8.5
63.3 8.5
63.4 8.5
63.5 8.5
63.6 8.5
63.7 8.5
63.8 8.5
63.9 8.5
64.0 8.5
64.1 8.5
64.2 8.5
64.3 8.5
64.4 8.5
64.5 8.5
64.6 8.6
64.7 8.6
64.8 8.6
64.9 8.6
65.0 8.6
65.1 8.6
65.2 8.6
65.3 8.6
65.4 8.6
65.5 8.6
65.6 8.6
65.7 8.6
65.8 8.6
65.9 8.6
66.0 8.6
66.1 8.6
66.2 8.6
66.3 8.6
66.4 8.6
66.5 8.6
66.6 8.6
66.7 8.6
66.8 8.6
66.9 8.6
67.0 8.6
67.1 8.6
67.2 8.6
67.3 8.6
67.4 8.6
67.5 8.6
67.6 8.6
67.7 8.6
67.8 8.6
67.9 8.6
68.0 8.6
68.1 8.6
68.2 8.6
68.3 8.6
68.4 8.6
68.5 8.6
68.6 8.6
68.7 8.6
68.8 8.6
68.9 8.6
69.0 8.6
69.1 8.6
69.2 8.6
69.3 8.6
69.4 8.6
69.5 8.6
69.6 8.6
69.7 8.6
69.8 8.6
69.9 8.6
