-16.7 7.02034074913342
-16.6 7.02801293656369
-16.5 7.03568512399396
-16.4 7.04335731142423
-16.3 7.0510294988545
-16.2 7.05870168628477
-16.1 7.06637387371504
-16 7.07404606114532
-15.9 7.08171824857559
-15.8 7.08939043600586
-15.7 7.09706262343613
-15.6 7.1047348108664
-15.5 7.11240699829667
-15.4 7.12007918572694
-15.3 7.12775137315721
-15.2 7.13542356058748
-15.1 7.14309574801776
-15 7.15076793544803
-14.9 7.1584401228783
-14.8 7.16611231030857
-14.7 7.17378449773884
-14.6 7.18145668516911
-14.5 7.18912887259938
-14.4 7.19680106002965
-14.3 7.20447324745992
-14.2 7.21214543489019
-14.1 7.21981762232046
-14 7.22748980975074
-13.9 7.23516199718101
-13.8 7.24283418461128
-13.7 7.25050637204155
-13.6 7.25817855947182
-13.5 7.26585074690209
-13.4 7.27352293433236
-13.3 7.28119512176263
-13.2 7.2888673091929
-13.1 7.29653949662317
-13 7.30421168405344
-12.9 7.31188387148372
-12.8 7.31955605891399
-12.7 7.32722824634426
-12.6 7.33490043377453
-12.5 7.3425726212048
-12.4 7.35024480863507
-12.3 7.35791699606534
-12.2 7.36558918349561
-12.1 7.37326137092588
-12 7.38093355835615
-11.9 7.38860574578642
-11.8 7.3962779332167
-11.7 7.40395012064697
-11.6 7.41162230807724
-11.5 7.41929449550751
-11.4 7.42696668293778
-11.3 7.43463887036805
-11.2 7.44231105779832
-11.1 7.44998324522859
-11 7.45765543265886
-10.9 7.46532762008913
-10.8 7.4729998075194
-10.7 7.48067199494968
-10.6 7.48834418237995
-10.5 7.49601636981022
-10.4 7.50368855724049
-10.3 7.51136074467076
-10.2 7.51903293210103
-10.1 7.5267051195313
-10 7.53437730696157
-9.90000000000001 7.54204949439184
-9.80000000000001 7.54972168182211
-9.70000000000001 7.55356510600608
-9.60000000000001 7.55726440884113
-9.50000000000001 7.56096371167619
-9.40000000000001 7.56466301451125
-9.30000000000001 7.56836231734631
-9.20000000000002 7.57206162018137
-9.10000000000002 7.57576092301643
-9.00000000000002 7.57946022585149
-8.90000000000002 7.58315952868654
-8.80000000000002 7.5868588315216
-8.70000000000002 7.59055813435666
-8.60000000000002 7.59425743719172
-8.50000000000002 7.59795674002678
-8.40000000000002 7.60165604286184
-8.30000000000002 7.60535534569689
-8.20000000000002 7.60905464853195
-8.10000000000002 7.61275395136701
-8.00000000000002 7.61645325420207
-7.90000000000002 7.62015255703713
-7.80000000000002 7.62385185987219
-7.70000000000002 7.62755116270725
-7.60000000000002 7.6312504655423
-7.50000000000002 7.63494976837736
-7.40000000000002 7.63864907121242
-7.30000000000002 7.64234837404748
-7.20000000000002 7.64604767688254
-7.10000000000002 7.6497469797176
-7.00000000000002 7.65344628255265
-6.90000000000002 7.65714558538771
-6.80000000000002 7.66084488822277
-6.70000000000002 7.66454419105783
-6.60000000000002 7.66824349389289
-6.50000000000002 7.67194279672795
-6.40000000000003 7.675642099563
-6.30000000000003 7.67934140239806
-6.20000000000003 7.68304070523312
-6.10000000000003 7.68674000806818
-6.00000000000003 7.69043931090324
-5.90000000000003 7.6941386137383
-5.80000000000003 7.69783791657336
-5.70000000000003 7.70153721940841
-5.60000000000003 7.70523652224347
-5.50000000000003 7.70893582507853
-5.40000000000003 7.71263512791359
-5.30000000000003 7.71633443074865
-5.20000000000003 7.72003373358371
-5.10000000000003 7.72373303641877
-5.00000000000003 7.72743233925382
-4.90000000000003 7.73113164208888
-4.80000000000003 7.73483094492394
-4.70000000000003 7.738530247759
-4.60000000000003 7.74222955059406
-4.50000000000003 7.74592885342912
-4.40000000000003 7.74962815626417
-4.30000000000003 7.75332745909923
-4.20000000000003 7.75702676193429
-4.10000000000003 7.76072606476935
-4.00000000000003 7.76442536760441
-3.90000000000003 7.76812467043947
-3.80000000000003 7.77182397327452
-3.70000000000003 7.77552327610958
-3.60000000000003 7.77922257894464
-3.50000000000003 7.7829218817797
-3.40000000000003 7.78662118461476
-3.30000000000003 7.79032048744982
-3.20000000000003 7.79401979028488
-3.10000000000003 7.79771909311993
-3.00000000000003 7.80141839595499
-2.90000000000003 7.80511769879005
-2.80000000000003 7.80881700162511
-2.70000000000003 7.81251630446017
-2.60000000000003 7.81621560729523
-2.50000000000003 7.81991491013028
-2.40000000000003 7.82361421296534
-2.30000000000003 7.8273135158004
-2.20000000000003 7.83101281863546
-2.10000000000003 7.83471212147052
-2.00000000000003 7.83841142430558
-1.90000000000003 7.84211072714064
-1.80000000000003 7.84581002997569
-1.70000000000003 7.84950933281075
-1.60000000000003 7.85320863564581
-1.50000000000003 7.85690793848087
-1.40000000000003 7.86060724131593
-1.30000000000003 7.86430654415099
-1.20000000000003 7.86800584698604
-1.10000000000003 7.8717051498211
-1.00000000000003 7.87540445265616
-0.900000000000031 7.87910375549122
-0.800000000000031 7.88280305832628
-0.700000000000031 7.88650236116134
-0.600000000000031 7.89020166399639
-0.500000000000031 7.89390096683145
-0.400000000000031 7.89760026966651
-0.300000000000031 7.90129957250157
-0.200000000000031 7.90499887533663
-0.100000000000031 7.90869817817169
-3.12250225675825e-14 7.91239748100675
0.0999999999999688 7.9160967838418
0.199999999999969 7.91979608667686
0.299999999999969 7.92349538951192
0.399999999999969 7.92719469234698
0.499999999999969 7.93089399518204
0.599999999999969 7.9345932980171
0.699999999999969 7.93829260085216
0.799999999999969 7.94199190368721
0.899999999999969 7.94569120652227
0.999999999999969 7.94939050935733
1.09999999999997 7.95308981219239
1.19999999999997 7.95678911502745
1.29999999999997 7.96048841786251
1.39999999999997 7.96418772069756
1.49999999999997 7.96788702353262
1.59999999999997 7.97158632636768
1.69999999999997 7.97528562920274
1.79999999999997 7.9789849320378
1.89999999999997 7.98268423487286
1.99999999999997 7.98638353770792
2.09999999999997 7.99008284054297
2.19999999999997 7.99378214337803
2.29999999999997 7.99748144621309
2.39999999999997 8.00118074904815
2.49999999999997 8.00488005188321
2.59999999999997 8.00857935471827
2.69999999999997 8.01227865755332
2.79999999999997 8.01597796038838
2.89999999999997 8.01967726322344
2.99999999999997 8.0233765660585
3.09999999999997 8.02707586889356
3.19999999999997 8.03077517172862
3.29999999999997 8.03447447456367
3.39999999999997 8.03817377739873
3.49999999999997 8.04187308023379
3.59999999999997 8.04557238306885
3.69999999999997 8.04927168590391
3.79999999999997 8.05297098873897
3.89999999999997 8.05667029157403
3.99999999999997 8.06036959440909
4.09999999999997 8.06406889724414
4.19999999999997 8.0677682000792
4.29999999999997 8.07146750291426
4.39999999999997 8.07516680574932
4.49999999999997 8.07886610858438
4.59999999999997 8.07532806313034
4.69999999999997 8.06859116737311
4.79999999999997 8.06185427161589
4.89999999999997 8.05511737585866
4.99999999999997 8.04838048010143
5.09999999999997 8.0416435843442
5.19999999999997 8.03490668858697
5.29999999999997 8.02816979282975
5.39999999999997 8.02143289707252
5.49999999999997 8.01469600131529
5.59999999999997 8.00795910555806
5.69999999999997 8.00122220980083
5.79999999999997 7.9944853140436
5.89999999999996 7.98774841828637
5.99999999999996 7.98101152252915
6.09999999999996 7.97427462677192
6.19999999999996 7.96753773101469
6.29999999999996 7.96080083525746
6.39999999999996 7.95406393950023
6.49999999999996 7.947327043743
6.59999999999996 7.94059014798578
6.69999999999996 7.95804522231598
6.79999999999996 7.97782296270472
6.89999999999996 7.99760070309345
6.99999999999996 8.01737844348218
7.09999999999996 8.03715618387091
7.19999999999996 8.05693392425965
7.29999999999996 8.07671166464838
7.39999999999996 8.09648940503711
7.49999999999996 8.11626714542585
7.59999999999996 8.13604488581458
7.69999999999996 8.15582262620331
7.79999999999996 8.17560036659204
7.89999999999996 8.19537810698078
7.99999999999996 8.21515584736951
8.09999999999996 8.23493358775824
8.19999999999996 8.25471132814698
8.29999999999996 8.27448906853571
8.39999999999996 8.29426680892444
8.49999999999996 8.31404454931318
8.59999999999996 8.33382228970191
8.69999999999995 8.35360003009064
8.79999999999995 8.37337777047937
8.89999999999995 8.39315551086811
8.99999999999995 8.41293325125684
9.09999999999995 8.43271099164557
9.19999999999995 8.45248873203431
9.29999999999995 8.47226647242304
9.39999999999995 8.49204421281177
9.49999999999995 8.5118219532005
9.59999999999995 8.53159969358924
9.69999999999995 8.55137743397797
9.79999999999995 8.5711551743667
9.89999999999995 8.59093291475543
9.99999999999995 8.61050346939143
10.0999999999999 8.62451516972055
10.1999999999999 8.63852687004968
10.2999999999999 8.6525385703788
10.3999999999999 8.66655027070792
10.4999999999999 8.68056197103704
10.5999999999999 8.69457367136616
10.6999999999999 8.70858537169529
10.7999999999999 8.72259707202441
10.8999999999999 8.73660877235353
10.9999999999999 8.75062047268265
11.0999999999999 8.76463217301177
11.1999999999999 8.7786438733409
11.2999999999999 8.79265557367002
11.3999999999999 8.80666727399914
11.4999999999999 8.82067897432826
11.5999999999999 8.83469067465738
11.6999999999999 8.8487023749865
11.7999999999999 8.86271407531563
11.8999999999999 8.87672577564475
11.9999999999999 8.89073747597387
12.0999999999999 8.90474917630299
12.1999999999999 8.91876087663211
12.2999999999999 8.93277257696124
12.3999999999999 8.94678427729036
12.4999999999999 8.96079597761948
12.5999999999999 8.9748076779486
12.6999999999999 8.98881937827772
12.7999999999999 9.00283107860684
12.8999999999999 9.01684277893597
12.9999999999999 9.03085447926509
13.0999999999999 9.04486617959421
13.1999999999999 9.05887787992333
13.2999999999999 9.07288958025245
13.3999999999999 9.08690128058157
13.4999999999999 9.1009129809107
13.5999999999999 9.11492468123982
13.6999999999999 9.12893638156894
13.7999999999999 9.14294808189806
13.8999999999999 9.15695978222718
13.9999999999999 9.17097148255631
14.0999999999999 9.18498318288543
14.1999999999999 9.19899488321455
14.2999999999999 9.21300658354367
14.3999999999999 9.22701828387279
14.4999999999999 9.24102998420192
14.5999999999999 9.25504168453104
14.6999999999999 9.26905338486016
14.7999999999999 9.28306508518928
14.8999999999999 9.2970767855184
14.9999999999999 9.31108848584753
15.0999999999999 9.32510018617665
15.1999999999999 9.33911188650577
15.2999999999999 9.35312358683489
15.3999999999999 9.36713528716401
15.4999999999999 9.38114698749313
15.5999999999999 9.39515868782226
15.6999999999999 9.40917038815138
15.7999999999999 9.4231820884805
15.8999999999999 9.43719378880962
15.9999999999999 9.45120548913874
16.0999999999999 9.46521718946787
16.1999999999999 9.47922888979699
16.2999999999999 9.49324059012611
16.3999999999999 9.50725229045523
16.4999999999999 9.52126399078435
16.5999999999999 9.53527569111348
16.6999999999999 9.5492873914426
16.7999999999999 9.56329909177172
16.8999999999999 9.57731079210084
16.9999999999999 9.59132249242997
17.0999999999999 9.60533419275909
17.1999999999999 9.61934589308821
17.2999999999999 9.63335759341733
17.3999999999999 9.64736929374645
17.5 9.66138099407558
17.6 9.6753926944047
17.7 9.68940439473382
17.8 9.70341609506294
17.9 9.71742779539206
18 9.73143949572119
18.1 9.74545119605031
18.2 9.75946289637943
18.3 9.77347459670855
18.4 9.78748629703767
18.5 9.8014979973668
18.6 9.81550969769592
18.7 9.82952139802504
18.8 9.84353309835416
18.9 9.85754479868328
19 9.87155649901241
19.1 9.88556819934153
19.2 9.89957989967065
19.3 9.91359159999977
19.4 9.9276033003289
19.5 9.94161500065802
19.6 9.95562670098714
19.7 9.96963840131626
19.8 9.98365010164538
19.9 9.99766180197451
20 10.0116735023036
20.1 10.0256852026327
20.2 10.0396969029619
20.3 10.053708603291
20.4 10.0677203036201
20.5 10.0817320039492
20.6 10.0946836591303
20.7 10.106109391549
20.8 10.1175351239677
20.9 10.1289608563864
21 10.1403865888052
21.1 10.1518123212239
21.2 10.1632380536426
21.3 10.1746637860614
21.4 10.1860895184801
21.5 10.1975152508988
21.6 10.2089409833175
21.7 10.2203667157363
21.8 10.231792448155
21.9 10.2432181805737
22 10.2546439129925
22.1 10.2660696454112
22.2 10.2774953778299
22.3 10.2889211102487
22.4 10.3003468426674
22.5 10.3117725750861
22.6 10.3231983075048
22.7 10.3346240399236
22.8 10.3460497723423
22.9 10.357475504761
23 10.3689012371798
23.1 10.3803269695985
23.2 10.3917527020172
23.3 10.4031784344359
23.4 10.4146041668547
23.5 10.4260298992734
23.6 10.4374556316921
23.7 10.4488813641109
23.8 10.4603070965296
23.9 10.4717328289483
24 10.4831585613671
24.1 10.4945842937858
24.2 10.5060100262045
24.3 10.5174357586232
24.4 10.528861491042
24.5 10.5402872234607
24.6000000000001 10.5517129558794
24.7000000000001 10.5631386882982
24.8000000000001 10.5745644207169
24.9000000000001 10.5859901531356
25.0000000000001 10.5974158855543
25.1000000000001 10.6088416179731
25.2000000000001 10.6202673503918
25.3000000000001 10.6316930828105
25.4000000000001 10.6431188152293
25.5000000000001 10.654544547648
25.6000000000001 10.6659702800667
25.7000000000001 10.6773960124855
25.8000000000001 10.6888217449042
25.9000000000001 10.7002474773229
26.0000000000001 10.7116732097416
26.1000000000001 10.7230989421604
26.2000000000001 10.7345246745791
26.3000000000001 10.7459504069978
26.4000000000001 10.7573761394166
26.5000000000001 10.7688018718353
26.6000000000001 10.780227604254
26.7000000000001 10.7916533366728
26.8000000000001 10.8030790690915
26.9000000000001 10.8145048015102
27.0000000000001 10.8259305339289
27.1000000000001 10.8373562663477
27.2000000000001 10.8487819987664
27.3000000000001 10.8602077311851
27.4000000000001 10.8716334636039
27.5000000000001 10.8830591960226
27.6000000000001 10.8944849284413
27.7000000000001 10.90591066086
27.8000000000001 10.9173363932788
27.9000000000001 10.9287621256975
28.0000000000001 10.9401878581162
28.1000000000001 10.951613590535
28.2000000000001 10.9630393229537
28.3000000000001 10.9744650553724
28.4000000000001 10.9858907877912
28.5000000000001 10.9973165202099
28.6000000000001 11.0087422526286
28.7000000000001 11.0201679850473
28.8000000000001 11.0315937174661
28.9000000000001 11.0430194498848
29.0000000000001 11.0544451823035
29.1000000000001 11.0658709147223
29.2000000000001 11.077296647141
29.3000000000001 11.0887223795597
29.4000000000001 11.1001481119784
29.5000000000001 11.1115738443972
29.6000000000001 11.1229995768159
29.7000000000001 11.1344253092346
29.8000000000001 11.1458510416534
29.9000000000001 11.1572767740721
30.0000000000001 11.1687025064908
30.1000000000001 11.1801282389096
30.2000000000001 11.1915539713283
30.3000000000001 11.202979703747
30.4000000000001 11.2144054361657
30.5000000000001 11.2258311685845
30.6000000000001 11.2372569010032
30.7000000000001 11.2486826334219
30.8000000000001 11.2601083658407
30.9000000000001 11.2715340982594
31.0000000000001 11.2829598306781
31.1000000000001 11.2983519353633
31.2000000000001 11.3201112799518
31.3000000000001 11.3418706245404
31.4000000000001 11.363629969129
31.5000000000001 11.3853893137175
31.6000000000002 11.4071486583061
31.7000000000002 11.4289080028947
31.8000000000002 11.4506673474832
31.9000000000002 11.4724266920718
32.0000000000002 11.4941860366603
32.1000000000002 11.5159453812489
32.2000000000002 11.5377047258375
32.3000000000002 11.559464070426
32.4000000000002 11.5812234150146
32.5000000000002 11.6029827596032
32.6000000000002 11.6247421041917
32.7000000000002 11.6465014487803
32.8000000000002 11.6682607933689
32.9000000000002 11.6900201379574
33.0000000000002 11.711779482546
33.1000000000002 11.7335388271346
33.2000000000002 11.7552981717231
33.3000000000002 11.7770575163117
33.4000000000002 11.7988168609002
33.5000000000002 11.8205762054888
33.6000000000002 11.8423355500774
33.7000000000002 11.8640948946659
33.8000000000002 11.8858542392545
33.9000000000002 11.9076135838431
34.0000000000002 11.9293729284316
34.1000000000002 11.9511322730202
34.2000000000002 11.9728916176088
34.3000000000002 11.9946509621973
34.4000000000002 12.0164103067859
34.5000000000002 12.0381696513745
34.6000000000002 12.059928995963
34.7000000000002 12.0816883405516
34.8000000000002 12.1034476851401
34.9000000000002 12.1252070297287
35.0000000000002 12.1469663743173
35.1000000000002 12.1687257189058
35.2000000000002 12.1904850634944
35.3000000000002 12.212244408083
35.4000000000002 12.2340037526715
35.5000000000002 12.2557630972601
35.6000000000002 12.2775224418487
35.7000000000002 12.2992817864372
35.8000000000002 12.3210411310258
35.9000000000002 12.3428004756144
36.0000000000002 12.3645598202029
36.1000000000002 12.3863191647915
36.2000000000002 12.40807850938
36.3000000000002 12.4298378539686
36.4000000000002 12.4515971985572
36.5000000000002 12.4733565431457
36.6000000000002 12.4951158877343
36.7000000000002 12.5168752323229
36.8000000000002 12.5386345769114
36.9000000000002 12.5603939215
37.0000000000002 12.5821532660886
37.1000000000002 12.6039126106771
37.2000000000002 12.6256719552657
37.3000000000002 12.6474312998542
37.4000000000002 12.6691906444428
37.5000000000002 12.6909499890314
37.6000000000002 12.7127093336199
37.7000000000002 12.7344686782085
37.8000000000002 12.7562280227971
37.9000000000002 12.7779873673856
38.0000000000002 12.7997467119742
38.1000000000002 12.8215060565628
38.2000000000002 12.8432654011513
38.3000000000002 12.8650247457399
38.4000000000002 12.8867840903285
38.5000000000002 12.908543434917
38.6000000000003 12.9303027795056
38.7000000000003 12.9520621240941
38.8000000000003 12.9738214686827
38.9000000000003 12.9955808132713
39.0000000000003 13.0173401578598
39.1000000000003 13.0390995024484
39.2000000000003 13.060858847037
39.3000000000003 13.0826181916255
39.4000000000003 13.1043775362141
39.5000000000003 13.1261368808027
39.6000000000003 13.1478962253912
39.7000000000003 13.1696555699798
39.8000000000003 13.1914149145684
39.9000000000003 13.2131742591569
40.0000000000003 13.2349336037455
40.1000000000003 13.256692948334
40.2000000000003 13.2784522929226
40.3000000000003 13.3002116375112
40.4000000000003 13.3219709820997
40.5000000000003 13.3437303266883
40.6000000000003 13.3654896712769
40.7000000000003 13.3872490158654
40.8000000000003 13.409008360454
40.9000000000003 13.4307677050426
41.0000000000003 13.4525270496311
41.1000000000003 13.4742863942197
41.2000000000003 13.4960457388082
41.3000000000003 13.5178050833968
41.4000000000003 13.5395644279854
41.5000000000003 13.5613237725739
41.6000000000003 13.5830831171625
41.7000000000003 13.6048424617511
41.8000000000003 13.6266018063396
41.9000000000003 13.6483611509282
42.0000000000003 13.6701204955168
42.1000000000003 13.6918798401053
42.2000000000003 13.7136391846939
42.3000000000003 13.7353985292825
42.4000000000003 13.757157873871
42.5000000000003 13.7789172184596
42.6000000000003 13.8006765630481
42.7000000000003 13.8224359076367
42.8000000000003 13.8441952522253
42.9000000000003 13.8659545968138
43.0000000000003 13.8877139414024
43.1000000000003 13.909473285991
43.2000000000003 13.9312326305795
43.3000000000003 13.9529919751681
43.4000000000003 13.9747513197567
43.5000000000003 13.9965106643452
43.6000000000003 14.0182700089338
43.7000000000003 14.0400293535224
43.8000000000003 14.0617886981109
43.9000000000003 14.0835480426995
44.0000000000003 14.105307387288
44.1000000000003 14.1270667318766
44.2000000000003 14.1488260764652
44.3000000000003 14.1705854210537
44.4000000000003 14.1923447656423
44.5000000000003 14.2141041102309
44.6000000000003 14.2358634548194
44.7000000000003 14.257622799408
44.8000000000003 14.2793821439966
44.9000000000003 14.3011414885851
45.0000000000003 14.3229008331737
45.1000000000003 14.3446601777623
45.2000000000003 14.3664195223508
45.3000000000003 14.3881788669394
45.4000000000003 14.4099382115279
45.5000000000003 14.4316975561165
45.6000000000003 14.4534569007051
45.7000000000004 14.4752162452936
45.8000000000004 14.4969755898822
45.9000000000004 14.5187349344708
46.0000000000004 14.5404942790593
46.1000000000004 14.5622536236479
46.2000000000004 14.5840129682365
46.3000000000004 14.605772312825
46.4000000000004 14.6275316574136
46.5000000000004 14.6492910020021
46.6000000000004 14.6735480091507
46.7000000000004 14.6978891402232
46.8000000000004 14.7222302712957
46.9000000000004 14.7465714023681
47.0000000000004 14.7709125334406
47.1000000000004 14.7952536645131
47.2000000000004 14.8195947955856
47.3000000000004 14.843935926658
47.4000000000004 14.8682770577305
47.5000000000004 14.892618188803
47.6000000000004 14.9169593198754
47.7000000000004 14.9413004509479
47.8000000000004 14.9656415820204
47.9000000000004 14.9899827130929
48.0000000000004 15.0143238441653
48.1000000000004 15.0386649752378
48.2000000000004 15.0630061063103
48.3000000000004 15.0873472373827
48.4000000000004 15.1116883684552
48.5000000000004 15.1360294995277
48.6000000000004 15.1603706306001
48.7000000000004 15.1847117616726
48.8000000000004 15.2090528927451
48.9000000000004 15.2333940238176
49.0000000000004 15.25773515489
49.1000000000004 15.2820762859625
49.2000000000004 15.306417417035
49.3000000000004 15.3307585481074
49.4000000000004 15.3550996791799
49.5000000000004 15.3794408102524
49.6000000000004 15.4037819413249
49.7000000000004 15.4281230723973
49.8000000000004 15.4524642034698
49.9000000000004 15.4768053345423
50.0000000000004 15.5011464656147
50.1000000000004 15.5254875966872
50.2000000000004 15.5498287277597
50.3000000000004 15.5741698588321
50.4000000000004 15.5985109899046
50.5000000000004 15.6228521209771
50.6000000000004 15.6471932520496
50.7000000000004 15.671534383122
50.8000000000004 15.6958755141945
50.9000000000004 15.720216645267
51.0000000000004 15.7445577763394
51.1000000000004 15.7688989074119
51.2000000000004 15.7932400384844
51.3000000000004 15.8175811695569
51.4000000000004 15.8419223006293
51.5000000000004 15.8662634317018
51.6000000000004 15.8906045627743
51.7000000000004 15.9149456938467
51.8000000000004 15.9392868249192
51.9000000000004 15.9636279559917
52.0000000000004 15.9879690870642
52.1000000000004 16.0123102181366
52.2000000000004 16.0366513492091
52.3000000000004 16.0609924802816
52.4000000000004 16.085333611354
52.5000000000004 16.1096747424265
52.6000000000004 16.134015873499
52.7000000000005 16.1583570045714
52.8000000000005 16.1826981356439
52.9000000000005 16.2070392667164
53.0000000000005 16.2313803977889
53.1000000000005 16.2557215288613
53.2000000000005 16.2800626599338
53.3000000000005 16.3044037910063
53.4000000000005 16.3287449220787
53.5000000000005 16.3530860531512
53.6000000000005 16.3774271842237
53.7000000000005 16.4017683152962
53.8000000000005 16.4261094463686
53.9000000000005 16.4504505774411
54.0000000000005 16.4747917085136
54.1000000000005 16.499132839586
54.2000000000005 16.5234739706585
54.3000000000005 16.547815101731
54.4000000000005 16.5721562328034
54.5000000000005 16.5964973638759
54.6000000000005 16.6208384949484
54.7000000000005 16.6451796260209
54.8000000000005 16.6695207570933
54.9000000000005 16.6938618881658
55.0000000000005 16.7182030192383
55.1000000000005 16.7425441503107
55.2000000000005 16.7668852813832
55.3000000000005 16.7912264124557
55.4000000000005 16.8155675435282
55.5000000000005 16.8399086746006
55.6000000000005 16.8642498056731
55.7000000000005 16.8885909367456
55.8000000000005 16.912932067818
55.9000000000005 16.9372731988905
56.0000000000005 16.961614329963
56.1000000000005 16.9859554610354
56.2000000000005 17.0102965921079
56.3000000000005 17.0346377231804
56.4000000000005 17.0589788542529
56.5000000000005 17.0833199853253
56.6000000000005 17.1076611163978
56.7000000000005 17.1320022474703
56.8000000000005 17.1563433785427
56.9000000000005 17.1806845096152
57.0000000000005 17.2050256406877
57.1000000000005 17.2293667717602
57.2000000000005 17.2537079028326
57.3000000000005 17.2780490339051
57.4000000000005 17.3023901649776
57.5000000000005 17.32673129605
57.6000000000005 17.3510724271225
57.7000000000005 17.375413558195
57.8000000000005 17.3997546892674
57.9000000000005 17.4240958203399
58.0000000000005 17.4484369514124
58.1000000000005 17.4727780824849
58.2000000000005 17.4971192135573
58.3000000000005 17.5214603446298
58.4000000000005 17.5458014757023
58.5000000000005 17.5701426067747
58.6000000000005 17.5944837378472
58.7000000000005 17.6188248689197
58.8000000000005 17.6431659999922
58.9000000000005 17.6675071310646
59.0000000000005 17.6918482621371
59.1000000000005 17.7161893932096
59.2000000000005 17.740530524282
59.3000000000005 17.7648716553545
59.4000000000005 17.789212786427
59.5000000000005 17.8135539174995
59.6000000000005 17.8378950485719
59.7000000000005 17.8622361796444
59.8000000000006 17.8865773107169
59.9000000000006 17.9109184417893
60.0000000000006 17.9352595728618
60.1000000000006 17.9596007039343
60.2000000000006 17.9839418350067
60.3000000000006 18.0082829660792
60.4000000000006 18.0326240971517
60.5000000000006 18.0569652282242
60.6000000000006 18.0813063592966
60.7000000000006 18.1056474903691
60.8000000000006 18.1299886214416
60.9000000000006 18.154329752514
61.0000000000006 18.1786708835865
61.1000000000006 18.203012014659
61.2000000000006 18.2273531457315
61.3000000000006 18.2516942768039
61.4000000000006 18.2760354078764
61.5000000000006 18.3003765389489
61.6000000000006 18.3247176700213
61.7000000000006 18.3490588010938
61.8000000000006 18.3733999321663
61.9000000000006 18.3977410632387
62.0000000000006 18.4220821943112
62.1000000000006 18.4464233253837
62.2000000000006 18.4707644564562
62.3000000000006 18.4951055875286
62.4000000000006 18.5194467186011
62.5000000000006 18.5437878496736
62.6000000000006 18.568128980746
62.7000000000006 18.5924701118185
62.8000000000006 18.616811242891
62.9000000000006 18.6411523739635
63.0000000000006 18.6654935050359
63.1000000000006 18.6898346361084
63.2000000000006 18.7141757671809
63.3000000000006 18.7385168982533
63.4000000000006 18.7628580293258
63.5000000000006 18.7871991603983
63.6000000000006 18.8115402914707
63.7000000000006 18.8358814225432
63.8000000000006 18.8602225536157
63.9000000000006 18.8845636846882
64.0000000000006 18.9089048157606
64.1000000000006 18.9332459468331
64.2000000000006 18.9571414432233
64.3000000000006 18.9800528733824
64.4000000000006 19.0029643035414
64.5000000000006 19.0258757337005
64.6000000000006 19.0487871638596
64.7000000000006 19.0716985940186
64.8000000000006 19.0946100241777
64.9000000000006 19.1175214543367
65.0000000000006 19.1404328844958
65.1000000000005 19.1633443146549
65.2000000000005 19.1862557448139
65.3000000000005 19.209167174973
65.4000000000005 19.2320786051321
65.5000000000005 19.2549900352911
65.6000000000005 19.2779014654502
65.7000000000005 19.3008128956093
65.8000000000005 19.3237243257683
65.9000000000005 19.3466357559274
66.0000000000005 19.3695471860865
66.1000000000005 19.3924586162455
66.2000000000005 19.4153700464046
66.3000000000005 19.4382814765637
66.4000000000005 19.4611929067227
66.5000000000005 19.4841043368818
66.6000000000005 19.5070157670409
66.7000000000005 19.5299271971999
66.8000000000005 19.552838627359
66.9000000000004 19.5757500575181
67.0000000000004 19.5986614876771
67.1000000000004 19.6215729178362
67.2000000000004 19.6444843479952
67.3000000000004 19.6673957781543
67.4000000000004 19.6903072083134
67.5000000000004 19.7132186384724
67.6000000000004 19.7361300686315
67.7000000000004 19.7590414987906
67.8000000000004 19.7819529289496
67.9000000000004 19.8048643591087
68.0000000000004 19.8277757892678
68.1000000000004 19.8506872194268
68.2000000000004 19.8735986495859
68.3000000000004 19.896510079745
68.4000000000004 19.919421509904
68.5000000000004 19.9423329400631
68.6000000000003 19.9652443702222
68.7000000000003 19.9881558003812
68.8000000000003 20.0110672305403
68.9000000000003 20.0339786606994
69.0000000000003 20.0568900908584
69.1000000000003 20.0798015210175
69.2000000000003 20.1027129511765
69.3000000000003 20.1256243813356
69.4000000000003 20.1485358114947
69.5000000000003 20.1795971624484
69.6000000000003 20.2188204995923
69.7000000000003 20.2580438367362
69.8000000000003 20.2972671738802
69.9000000000003 20.3364905110241
70.0000000000003 20.375713848168
70.1000000000003 20.4149371853119
70.2000000000003 20.4541605224558
70.3000000000003 20.4933838595998
70.4000000000002 20.5326071967437
70.5000000000002 20.5718305338876
70.6000000000002 20.6110538710315
70.7000000000002 20.6502772081754
70.8000000000002 20.6895005453194
70.9000000000002 20.7287238824633
71.0000000000002 20.7679472196072
71.1000000000002 20.8071705567511
71.2000000000002 20.846393893895
71.3000000000002 20.885617231039
71.4000000000002 20.9248405681829
71.5000000000002 20.9640639053268
71.6000000000002 21.0032872424707
71.7000000000002 21.0425105796146
71.8000000000002 21.0817339167586
71.9000000000002 21.1209572539025
72.0000000000002 21.1601805910464
72.1000000000002 21.1994039281903
72.2000000000001 21.2386272653342
72.3000000000001 21.2778506024782
72.4000000000001 21.3170739396221
72.5000000000001 21.356297276766
72.6000000000001 21.3955206139099
72.7000000000001 21.4347439510538
72.8000000000001 21.4739672881978
72.9000000000001 21.5131906253417
73.0000000000001 21.5524139624856
73.1000000000001 21.5916372996295
73.2000000000001 21.6308606367734
73.3000000000001 21.6700839739174
73.4000000000001 21.7093073110613
73.5000000000001 21.7485306482052
73.6000000000001 21.7877539853491
73.7000000000001 21.826977322493
73.8000000000001 21.866200659637
73.9 21.9054239967809
74 21.9446473339248
74.1 21.9838706710687
74.2 22.0230940082126
74.3 22.0623173453566
74.4 22.1015406825005
74.5 22.1407640196444
74.6 22.1799873567883
74.7 22.2192106939322
74.8 22.2584340310762
74.9 22.2976573682201
75 22.336880705364
75.1 22.3761040425079
75.2 22.4153273796518
75.3 22.4545507167958
75.4 22.4937740539397
75.5 22.5329973910836
75.6 22.5722207282275
75.6999999999999 22.6114440653714
75.7999999999999 22.6506674025154
75.8999999999999 22.6898907396593
75.9999999999999 22.7291140768032
76.0999999999999 22.7683374139471
76.1999999999999 22.807560751091
76.2999999999999 22.846784088235
76.3999999999999 22.8860074253789
76.4999999999999 22.9252307625228
76.5999999999999 22.9644540996667
76.6999999999999 23.0047258019447
76.7999999999999 23.0469555780635
76.8999999999999 23.0891853541823
76.9999999999999 23.1314151303011
77.0999999999999 23.17364490642
77.1999999999999 23.2158746825388
77.2999999999999 23.2581044586576
77.3999999999998 23.3003342347764
77.4999999999998 23.3425640108952
77.5999999999998 23.384793787014
77.6999999999998 23.4270235631328
77.7999999999998 23.4692533392516
77.8999999999998 23.5114831153705
77.9999999999998 23.5537128914893
78.0999999999998 23.5959426676081
78.1999999999998 23.6381724437269
78.2999999999998 23.6804022198457
78.3999999999998 23.7226319959645
78.4999999999998 23.7648617720833
78.5999999999998 23.8070915482021
78.6999999999998 23.8493213243209
78.7999999999998 23.8915511004398
78.8999999999998 23.9337808765586
78.9999999999998 23.9760106526774
79.0999999999998 24.0182404287962
79.1999999999997 24.060470204915
79.2999999999997 24.1026999810338
79.3999999999997 24.1449297571526
79.4999999999997 24.1871595332714
79.5999999999997 24.2293893093902
79.6999999999997 24.2716190855091
79.7999999999997 24.3138488616279
79.8999999999997 24.3560786377467
79.9999999999997 24.3983084138655
80.0999999999997 24.4405381899843
80.1999999999997 24.4827679661031
80.2999999999997 24.5249977422219
80.3999999999997 24.5672275183407
80.4999999999997 24.6094572944595
80.5999999999997 24.6516870705784
80.6999999999997 24.6939168466972
80.7999999999997 24.736146622816
80.8999999999997 24.7783763989348
80.9999999999996 24.8206061750536
81.0999999999996 24.8628359511724
81.1999999999996 24.9050657272912
81.2999999999996 24.94729550341
81.3999999999996 24.9895252795288
81.4999999999996 25.0317550556477
81.5999999999996 25.0739848317665
81.6999999999996 25.1162146078853
81.7999999999996 25.1584443840041
81.8999999999996 25.2006741601229
81.9999999999996 25.2429039362417
82.0999999999996 25.2851337123605
82.1999999999996 25.3273634884793
82.2999999999996 25.3695932645982
82.3999999999996 25.411823040717
82.4999999999996 25.4540528168358
82.5999999999996 25.4962825929546
82.6999999999995 25.5385123690734
82.7999999999995 25.5807421451922
82.8999999999995 25.622971921311
82.9999999999995 25.6652016974298
83.0999999999995 25.7074314735486
83.1999999999995 25.7496612496675
83.2999999999995 25.7918910257863
83.3999999999995 25.8341208019051
83.4999999999995 25.8763505780239
83.5999999999995 25.9185803541427
83.6999999999995 25.9608101302615
83.7999999999995 26.0030399063803
83.8999999999995 26.0452696824991
83.9999999999995 26.087150006215
84.0999999999995 26.1274120007257
84.1999999999995 26.1676739952365
84.2999999999995 26.2079359897472
84.3999999999995 26.2481979842579
84.4999999999994 26.2884599787686
84.5999999999994 26.3287219732793
84.6999999999994 26.36898396779
84.7999999999994 26.4092459623007
84.8999999999994 26.4495079568114
84.9999999999994 26.4897699513221
85.0999999999994 26.5300319458328
85.1999999999994 26.5702939403436
85.2999999999994 26.6105559348543
85.3999999999994 26.650817929365
85.4999999999994 26.6910799238757
85.5999999999994 26.7313419183864
85.6999999999994 26.7716039128971
85.7999999999994 26.8118659074078
85.8999999999994 26.8521279019185
85.9999999999994 26.8923898964292
86.0999999999994 26.93265189094
86.1999999999993 26.9729138854507
86.2999999999993 27.0131758799614
86.3999999999993 27.0534378744721
86.4999999999993 27.0936998689828
86.5999999999993 27.1339618634935
86.6999999999993 27.1742238580042
86.7999999999993 27.2144858525149
86.8999999999993 27.2547478470256
86.9999999999993 27.2950098415364
87.0999999999993 27.3352718360471
87.1999999999993 27.3755338305578
87.2999999999993 27.4157958250685
87.3999999999993 27.4560578195792
87.4999999999993 27.4963198140899
87.5999999999993 27.5365818086006
87.6999999999993 27.5768438031113
87.7999999999993 27.617105797622
87.8999999999993 27.6573677921328
87.9999999999992 27.6976297866435
88.0999999999992 27.7378917811542
88.1999999999992 27.7781537756649
88.2999999999992 27.8184157701756
88.3999999999992 27.8586777646863
88.4999999999992 27.898939759197
88.5999999999992 27.9392017537077
88.6999999999992 27.9794637482184
88.7999999999992 28.0197257427292
88.8999999999992 28.0599877372399
88.9999999999992 28.1002497317506
89.0999999999992 28.1405117262613
89.1999999999992 28.180773720772
89.2999999999992 28.2210357152827
89.3999999999992 28.2612977097934
89.4999999999992 28.3015597043041
89.5999999999992 28.3418216988148
89.6999999999992 28.3820836933255
89.7999999999991 28.4223456878363
89.8999999999991 28.462607682347
89.9999999999991 28.5028696768577
90.0999999999991 28.5431316713684
90.1999999999991 28.5833936658791
90.2999999999991 28.6236556603898
90.3999999999991 28.6639176549005
90.4999999999991 28.7041796494112
90.5999999999991 28.7444416439219
90.6999999999991 28.7847036384327
90.7999999999991 28.8249656329434
90.8999999999991 28.8652276274541
90.9999999999991 28.9054896219648
91.0999999999991 28.9457516164755
91.1999999999991 28.9860136109862
91.2999999999991 29.0262756054969
91.3999999999991 29.0665376000076
91.499999999999 29.1067995945183
91.599999999999 29.1470615890291
91.699999999999 29.1873235835398
91.799999999999 29.2275855780505
91.899999999999 29.2678475725612
91.999999999999 29.3081095670719
92.099999999999 29.3483715615826
92.199999999999 29.3886335560933
92.299999999999 29.428895550604
92.399999999999 29.4691575451147
92.499999999999 29.5094195396255
92.599999999999 29.5496815341362
92.699999999999 29.5899435286469
92.799999999999 29.6292354245146
92.899999999999 29.6685259578138
92.999999999999 29.7078164911129
93.099999999999 29.7471070244121
93.199999999999 29.7863975577112
93.2999999999989 29.8256880910103
93.3999999999989 29.8649786243095
93.4999999999989 29.9042691576086
93.5999999999989 29.9435596909078
93.6999999999989 29.9828502242069
93.7999999999989 30.0221407575061
93.8999999999989 30.0614312908052
93.9999999999989 30.1007218241044
94.0999999999989 30.1400123574035
94.1999999999989 30.1793028907027
94.2999999999989 30.2185934240018
94.3999999999989 30.257883957301
94.4999999999989 30.2971744906001
94.5999999999989 30.3364650238993
94.6999999999989 30.3757555571984
94.7999999999989 30.4150460904976
94.8999999999989 30.4543366237967
94.9999999999988 30.4936271570959
95.0999999999988 30.532917690395
95.1999999999988 30.5722082236942
95.2999999999988 30.6114987569933
95.3999999999988 30.6507892902925
95.4999999999988 30.6900798235916
95.5999999999988 30.7293703568907
95.6999999999988 30.7686608901899
95.7999999999988 30.807951423489
95.8999999999988 30.8472419567882
95.9999999999988 30.8865324900873
96.0999999999988 30.9258230233865
96.1999999999988 30.9651135566856
96.2999999999988 31.0044040899848
96.3999999999988 31.0436946232839
96.4999999999988 31.0829851565831
96.5999999999988 31.1222756898822
96.6999999999988 31.1615662231814
96.7999999999987 31.2008567564805
96.8999999999987 31.2401472897797
96.9999999999987 31.2794378230788
97.0999999999987 31.318728356378
97.1999999999987 31.3580188896771
97.2999999999987 31.3973094229763
97.3999999999987 31.4365999562754
97.4999999999987 31.4758904895745
97.5999999999987 31.5151810228737
97.6999999999987 31.5544715561728
97.7999999999987 31.593762089472
97.8999999999987 31.6330526227711
97.9999999999987 31.6723431560703
98.0999999999987 31.7116336893694
98.1999999999987 31.7509242226686
98.2999999999987 31.7902147559677
98.3999999999987 31.8295052892669
98.4999999999986 31.868795822566
98.5999999999986 31.9080863558652
98.6999999999986 31.9473768891643
98.7999999999986 31.9866674224635
98.8999999999986 32.0259579557626
98.9999999999986 32.0652484890618
99.0999999999986 32.1045390223609
99.1999999999986 32.1438295556601
99.2999999999986 32.1831200889592
99.3999999999986 32.2224106222584
99.4999999999986 32.2617011555575
99.5999999999986 32.3009916888566
99.6999999999986 32.3402822221558
99.7999999999986 32.3795727554549
99.8999999999986 32.4188632887541
99.9999999999986 32.4581538220532
100.099999999999 32.4974443553524
100.199999999999 32.5367348886515
100.299999999999 32.5760254219507
100.399999999999 32.6153159552498
100.499999999999 32.654606488549
100.599999999999 32.6938970218481
100.699999999999 32.7331875551473
100.799999999999 32.7724780884464
100.899999999999 32.8117686217456
100.999999999999 32.8510591550447
101.099999999999 32.8903496883439
101.199999999998 32.929640221643
101.299999999998 32.9838872958363
101.399999999998 33.0542199333642
101.499999999998 33.1245525708921
101.599999999998 33.19488520842
101.699999999998 33.2652178459478
101.799999999998 33.3355504834757
101.899999999998 33.4058831210036
101.999999999998 33.4762157585315
102.099999999998 33.5465483960593
102.199999999998 33.6168810335872
102.299999999998 33.6872136711151
102.399999999998 33.7575463086429
102.499999999998 33.8278789461708
102.599999999998 33.8982115836987
102.699999999998 33.9685442212266
102.799999999998 34.0388768587544
102.899999999998 34.1092094962823
102.999999999998 34.1795421338102
103.099999999998 34.249874771338
103.199999999998 34.3202074088659
103.299999999998 34.3905400463938
103.399999999998 34.4608726839217
103.499999999998 34.5312053214495
103.599999999998 34.6015379589774
103.699999999998 34.6718705965053
103.799999999998 34.7422032340332
103.899999999998 34.812535871561
103.999999999998 34.8828685090889
104.099999999998 34.9532011466168
104.199999999998 35.0235337841447
104.299999999998 35.0938664216725
104.399999999998 35.1641990592004
104.499999999998 35.2345316967283
104.599999999998 35.3048643342561
104.699999999998 35.375196971784
104.799999999998 35.4455296093119
104.899999999998 35.5158622468398
104.999999999998 35.5861948843676
105.099999999998 35.6565275218955
105.199999999998 35.7268601594234
105.299999999998 35.7971927969513
105.399999999998 35.8675254344791
105.499999999998 35.937858072007
105.599999999998 36.0081907095349
105.699999999998 36.0785233470627
105.799999999998 36.1488559845906
105.899999999998 36.2191886221185
105.999999999998 36.2895212596464
106.099999999998 36.3598538971742
106.199999999998 36.4301865347021
106.299999999998 36.50051917223
106.399999999998 36.5708518097579
106.499999999998 36.6411844472857
106.599999999998 36.7115170848136
106.699999999998 36.7818497223415
106.799999999998 36.8521823598693
106.899999999998 36.9225149973972
106.999999999998 36.9928476349251
107.099999999998 37.063180272453
107.199999999998 37.1335129099808
107.299999999998 37.2038455475087
107.399999999998 37.2741781850366
107.499999999998 37.3445108225645
107.599999999998 37.4148434600923
107.699999999998 37.4851760976202
107.799999999998 37.5555087351481
107.899999999998 37.6258413726759
107.999999999998 37.6961740102038
108.099999999998 37.7665066477317
108.199999999998 37.8368392852596
108.299999999998 37.9071719227874
108.399999999998 37.9775045603153
108.499999999998 38.0478371978432
108.599999999998 38.1181698353711
108.699999999998 38.1885024728989
108.799999999998 38.2588351104268
108.899999999998 38.3291677479547
108.999999999998 38.3995003854825
109.099999999998 38.4698330230104
109.199999999998 38.5401656605383
109.299999999998 38.6104982980662
109.399999999998 38.680830935594
109.499999999998 38.7511635731219
109.599999999998 38.8214962106498
109.699999999998 38.8918288481777
109.799999999998 38.9621614857055
109.899999999998 39.032428776604
109.999999999998 39.1023935611252
110.099999999998 39.1723583456464
110.199999999998 39.2423231301676
110.299999999998 39.3122879146888
110.399999999998 39.3822526992099
110.499999999998 39.4522174837311
110.599999999998 39.5221822682523
110.699999999998 39.5921470527735
110.799999999998 39.6621118372947
110.899999999998 39.7320766218159
110.999999999998 39.8020414063371
111.099999999998 39.8720061908582
111.199999999998 39.9419709753794
111.299999999998 40.0119357599006
111.399999999998 40.0819005444218
111.499999999998 40.151865328943
111.599999999998 40.2218301134642
111.699999999998 40.2917948979853
111.799999999998 40.3617596825065
111.899999999998 40.4317244670277
111.999999999998 40.5016892515489
112.099999999998 40.5716540360701
112.199999999998 40.6416188205913
112.299999999998 40.7115836051125
112.399999999998 40.7815483896336
112.499999999998 40.8515131741548
112.599999999998 40.921477958676
112.699999999998 40.9914427431972
112.799999999998 41.0614075277184
112.899999999998 41.1313723122396
112.999999999998 41.2013370967607
113.099999999998 41.2713018812819
113.199999999998 41.3412666658031
113.299999999998 41.4112314503243
113.399999999998 41.4811962348455
113.499999999998 41.5511610193667
113.599999999998 41.6211258038878
113.699999999998 41.691090588409
113.799999999998 41.7610553729302
113.899999999998 41.8310201574514
113.999999999998 41.9009849419726
114.099999999998 41.9709497264938
114.199999999998 42.040914511015
114.299999999998 42.1108792955361
114.399999999998 42.1980310891694
114.499999999998 42.2877592654282
114.599999999998 42.3774874416871
114.699999999998 42.4672156179459
114.799999999998 42.5569437942047
114.899999999998 42.6466719704636
114.999999999998 42.7364001467224
115.099999999998 42.8261283229812
115.199999999998 42.91585649924
115.299999999998 43.0055846754989
115.399999999998 43.0953128517577
115.499999999998 43.1850410280165
115.599999999998 43.2747692042754
115.699999999998 43.3644973805342
115.799999999998 43.454225556793
115.899999999998 43.5439537330519
115.999999999998 43.6336819093107
116.099999999998 43.7234100855695
116.199999999998 43.8131382618283
116.299999999998 43.9028664380872
116.399999999998 43.992594614346
116.499999999998 44.0823227906048
116.599999999998 44.1720509668637
116.699999999998 44.2617791431225
116.799999999998 44.3515073193813
116.899999999998 44.4412354956402
116.999999999998 44.530963671899
117.099999999998 44.6206918481578
117.199999999998 44.7104200244166
117.299999999998 44.8001482006755
117.399999999998 44.8898763769343
117.499999999998 44.9796045531931
117.599999999998 45.069332729452
117.699999999998 45.1590609057108
117.799999999998 45.2487890819696
117.899999999998 45.3385172582285
117.999999999998 45.4282454344873
118.099999999998 45.5179736107461
118.199999999998 45.607701787005
118.299999999998 45.6974299632638
118.399999999998 45.7871581395226
118.499999999998 45.8768863157814
118.599999999998 45.9666144920403
