-131.3 6.05880310190344
-131.2 6.05631453108441
-131.1 6.05382596026538
-131 6.05133738944636
-130.9 6.04884881862733
-130.8 6.0463602478083
-130.7 6.04387167698927
-130.6 6.04138310617024
-130.5 6.03889453535122
-130.4 6.03640596453219
-130.3 6.03391739371316
-130.2 6.03142882289413
-130.1 6.02894025207511
-130 6.02645168125608
-129.9 6.02396311043705
-129.8 6.02147453961802
-129.7 6.01898596879899
-129.6 6.01649739797997
-129.5 6.01400882716094
-129.4 6.01152025634191
-129.3 6.00903168552288
-129.2 6.00654311470386
-129.1 6.00405454388483
-129 6.0015659730658
-128.9 5.99907740224677
-128.8 5.99658883142774
-128.7 5.99410026060872
-128.6 5.99161168978969
-128.5 5.98912311897066
-128.4 5.98663454815163
-128.3 5.9841459773326
-128.2 5.98165740651358
-128.1 5.97916883569455
-128 5.97668026487552
-127.9 5.97419169405649
-127.8 5.97170312323747
-127.7 5.96921455241844
-127.6 5.96672598159941
-127.5 5.96423741078038
-127.4 5.96174883996135
-127.3 5.95926026914233
-127.2 5.9567716983233
-127.1 5.95428312750427
-127 5.95179455668524
-126.9 5.94930598586622
-126.8 5.94681741504719
-126.7 5.94432884422816
-126.6 5.94184027340913
-126.5 5.9393517025901
-126.4 5.93686313177108
-126.3 5.93437456095205
-126.2 5.93188599013302
-126.1 5.92939741931399
-126 5.92690884849497
-125.9 5.92442027767594
-125.8 5.92193170685691
-125.7 5.91944313603788
-125.6 5.91695456521885
-125.5 5.91446599439983
-125.4 5.9119774235808
-125.3 5.90948885276177
-125.2 5.90700028194274
-125.1 5.90451171112371
-125 5.90202314030469
-124.9 5.89953456948566
-124.8 5.89704599866663
-124.7 5.8945574278476
-124.6 5.89206885702858
-124.5 5.88958028620955
-124.4 5.88709171539052
-124.3 5.88460314457149
-124.2 5.88211457375246
-124.1 5.87962600293344
-124 5.87713743211441
-123.9 5.87464886129538
-123.8 5.87216029047635
-123.7 5.86967171965733
-123.6 5.8671831488383
-123.5 5.86469457801927
-123.4 5.86220600720024
-123.3 5.85971743638121
-123.2 5.85722886556219
-123.1 5.85474029474316
-123 5.85225172392413
-122.9 5.8497631531051
-122.8 5.84727458228608
-122.700000000001 5.84478601146705
-122.600000000001 5.84229744064802
-122.500000000001 5.83980886982899
-122.400000000001 5.83732029900996
-122.300000000001 5.83483172819094
-122.200000000001 5.83234315737191
-122.100000000001 5.82972787373581
-122.000000000001 5.8250707701903
-121.900000000001 5.82041366664479
-121.800000000001 5.81575656309928
-121.700000000001 5.81109945955377
-121.600000000001 5.80644235600825
-121.500000000001 5.80178525246274
-121.400000000001 5.79712814891723
-121.300000000001 5.79247104537172
-121.200000000001 5.78781394182621
-121.100000000001 5.78315683828069
-121.000000000001 5.77849973473518
-120.900000000001 5.77384263118967
-120.800000000001 5.76918552764416
-120.700000000001 5.76452842409865
-120.600000000001 5.75987132055314
-120.500000000001 5.75521421700762
-120.400000000001 5.75055711346211
-120.300000000001 5.7459000099166
-120.200000000001 5.74124290637109
-120.100000000001 5.73658580282558
-120.000000000001 5.73192869928006
-119.900000000001 5.72727159573455
-119.800000000001 5.72261449218904
-119.700000000001 5.71795738864353
-119.600000000001 5.71330028509802
-119.500000000001 5.7086431815525
-119.400000000001 5.70398607800699
-119.300000000001 5.69932897446148
-119.200000000001 5.69467187091597
-119.100000000001 5.69001476737046
-119.000000000001 5.68535766382494
-118.900000000001 5.68070056027943
-118.800000000001 5.67604345673392
-118.700000000001 5.67138635318841
-118.600000000001 5.6667292496429
-118.500000000001 5.66207214609738
-118.400000000001 5.65741504255187
-118.300000000001 5.65275793900636
-118.200000000001 5.64810083546085
-118.100000000001 5.64344373191534
-118.000000000001 5.63878662836983
-117.900000000001 5.63412952482431
-117.800000000001 5.6294724212788
-117.700000000001 5.62481531773329
-117.600000000001 5.62015821418778
-117.500000000001 5.61550111064227
-117.400000000001 5.61084400709675
-117.300000000001 5.60618690355124
-117.200000000001 5.60152980000573
-117.100000000001 5.59687269646022
-117.000000000001 5.59221559291471
-116.900000000001 5.58755848936919
-116.800000000001 5.58290138582368
-116.700000000001 5.57824428227817
-116.600000000001 5.57358717873266
-116.500000000001 5.56893007518715
-116.400000000001 5.56427297164163
-116.300000000001 5.55961586809612
-116.200000000001 5.55495876455061
-116.100000000001 5.5503016610051
-116.000000000001 5.54564455745959
-115.900000000001 5.54098745391407
-115.800000000001 5.53633035036856
-115.700000000001 5.53167324682305
-115.600000000001 5.52701614327754
-115.500000000001 5.52235903973203
-115.400000000001 5.51770193618651
-115.300000000001 5.513044832641
-115.200000000001 5.50838772909549
-115.100000000001 5.50373062554998
-115.000000000001 5.49907352200447
-114.900000000001 5.49441641845895
-114.800000000001 5.48975931491344
-114.700000000001 5.48510221136793
-114.600000000001 5.48044510782242
-114.500000000001 5.47578800427691
-114.400000000001 5.47113090073139
-114.300000000001 5.46647379718588
-114.200000000001 5.46181669364037
-114.100000000001 5.45715959009486
-114.000000000001 5.45250248654935
-113.900000000001 5.44784538300384
-113.800000000001 5.44318827945832
-113.700000000001 5.43853117591281
-113.600000000001 5.4338740723673
-113.500000000001 5.42921696882179
-113.400000000001 5.42455986527628
-113.300000000001 5.41990276173076
-113.200000000001 5.41524565818525
-113.100000000001 5.41058855463974
-113.000000000001 5.40593145109423
-112.900000000001 5.40127434754872
-112.800000000001 5.3966172440032
-112.700000000001 5.39196014045769
-112.600000000001 5.38730303691218
-112.500000000001 5.38264593336667
-112.400000000001 5.37798882982116
-112.300000000001 5.37333172627564
-112.200000000001 5.36867462273013
-112.100000000001 5.36401751918462
-112.000000000001 5.35885893941193
-111.900000000001 5.3505503602232
-111.800000000001 5.34224178103447
-111.700000000001 5.33393320184574
-111.600000000001 5.325624622657
-111.500000000001 5.31731604346827
-111.400000000001 5.30900746427954
-111.300000000001 5.30069888509081
-111.200000000001 5.29239030590208
-111.100000000001 5.28408172671335
-111.000000000001 5.27577314752461
-110.900000000001 5.26746456833588
-110.800000000001 5.25915598914715
-110.700000000001 5.25084740995842
-110.600000000001 5.24253883076969
-110.500000000001 5.23423025158095
-110.400000000001 5.22592167239222
-110.300000000001 5.21761309320349
-110.200000000001 5.20930451401476
-110.100000000001 5.20099593482603
-110.000000000001 5.19268735563729
-109.900000000001 5.18437877644856
-109.800000000001 5.17607019725983
-109.700000000001 5.1677616180711
-109.600000000001 5.15945303888237
-109.500000000001 5.15114445969364
-109.400000000001 5.1428358805049
-109.300000000001 5.13452730131617
-109.200000000001 5.12621872212744
-109.100000000001 5.11791014293871
-109.000000000001 5.10960156374998
-108.900000000001 5.10129298456125
-108.800000000001 5.09298440537251
-108.700000000001 5.08467582618378
-108.600000000001 5.07636724699505
-108.500000000001 5.06805866780632
-108.400000000001 5.05975008861759
-108.300000000001 5.05144150942886
-108.200000000001 5.04313293024012
-108.100000000001 5.03482435105139
-108.000000000001 5.02651577186266
-107.900000000001 5.01820719267393
-107.800000000001 5.0098986134852
-107.700000000001 5.00159003429646
-107.600000000001 4.99328145510773
-107.500000000001 4.984972875919
-107.400000000001 4.97666429673027
-107.300000000001 4.96835571754154
-107.200000000001 4.96004713835281
-107.100000000001 4.95173855916407
-107.000000000001 4.94342997997534
-106.900000000001 4.93512140078661
-106.800000000001 4.92681282159788
-106.700000000001 4.91850424240915
-106.600000000001 4.91019566322042
-106.500000000001 4.90188708403168
-106.400000000001 4.89357850484295
-106.300000000001 4.88526992565422
-106.200000000001 4.87696134646549
-106.100000000001 4.86865276727676
-106.000000000001 4.86034418808802
-105.900000000001 4.85203560889929
-105.800000000001 4.84372702971056
-105.700000000001 4.83541845052183
-105.600000000001 4.8271098713331
-105.500000000001 4.81880129214437
-105.400000000001 4.81049271295563
-105.300000000001 4.8021841337669
-105.200000000001 4.79387555457817
-105.100000000002 4.78556697538944
-105.000000000002 4.77943409327589
-104.900000000002 4.77771908221853
-104.800000000002 4.77600407116116
-104.700000000002 4.7742890601038
-104.600000000002 4.77257404904644
-104.500000000002 4.77085903798907
-104.400000000002 4.76914402693171
-104.300000000002 4.76742901587435
-104.200000000002 4.76571400481698
-104.100000000002 4.76399899375962
-104.000000000002 4.76228398270225
-103.900000000002 4.76056897164489
-103.800000000002 4.75885396058753
-103.700000000002 4.75713894953016
-103.600000000002 4.7554239384728
-103.500000000002 4.75370892741544
-103.400000000002 4.75199391635807
-103.300000000002 4.75027890530071
-103.200000000002 4.74856389424335
-103.100000000002 4.74684888318598
-103.000000000002 4.74513387212862
-102.900000000002 4.74341886107126
-102.800000000002 4.74170385001389
-102.700000000002 4.73998883895653
-102.600000000002 4.73827382789916
-102.500000000002 4.7365588168418
-102.400000000002 4.73484380578444
-102.300000000002 4.73312879472707
-102.200000000002 4.73141378366971
-102.100000000002 4.72969877261235
-102.000000000002 4.72798376155498
-101.900000000002 4.72626875049762
-101.800000000002 4.72455373944026
-101.700000000002 4.72283872838289
-101.600000000002 4.72112371732553
-101.500000000002 4.71940870626816
-101.400000000002 4.7176936952108
-101.300000000002 4.71597868415344
-101.200000000002 4.71426367309607
-101.100000000002 4.71254866203871
-101.000000000002 4.71083365098135
-100.900000000002 4.70911863992398
-100.800000000002 4.70740362886662
-100.700000000002 4.70568861780926
-100.600000000002 4.70397360675189
-100.500000000002 4.70225859569453
-100.400000000002 4.70054358463717
-100.300000000002 4.6988285735798
-100.200000000002 4.69711356252244
-100.100000000002 4.69539855146507
-100.000000000002 4.69368354040771
-99.9000000000018 4.69196852935035
-99.8000000000018 4.69025351829298
-99.7000000000018 4.68853850723562
-99.6000000000018 4.68682349617826
-99.5000000000018 4.68510848512089
-99.4000000000018 4.68339347406353
-99.3000000000018 4.68167846300617
-99.2000000000018 4.6799634519488
-99.1000000000018 4.67824844089144
-99.0000000000018 4.67653342983408
-98.9000000000019 4.67481841877671
-98.8000000000019 4.67310340771935
-98.7000000000019 4.67138839666198
-98.6000000000019 4.66967338560462
-98.5000000000019 4.66795837454726
-98.4000000000019 4.66624336348989
-98.3000000000019 4.66452835243253
-98.2000000000019 4.66281334137517
-98.1000000000019 4.6610983303178
-98.0000000000019 4.66
-97.9000000000019 4.66
-97.8000000000019 4.66
-97.7000000000019 4.66
-97.6000000000019 4.66
-97.5000000000019 4.66
-97.4000000000019 4.66
-97.3000000000019 4.66
-97.2000000000019 4.66
-97.100000000002 4.66
-97.000000000002 4.66
-96.900000000002 4.66
-96.800000000002 4.66
-96.700000000002 4.66
-96.600000000002 4.66
-96.500000000002 4.66
-96.400000000002 4.66
-96.300000000002 4.66
-96.200000000002 4.66
-96.100000000002 4.66
-96.000000000002 4.66
-95.900000000002 4.66
-95.800000000002 4.66
-95.700000000002 4.66
-95.600000000002 4.66
-95.500000000002 4.66
-95.4000000000021 4.66
-95.3000000000021 4.66
-95.2000000000021 4.66
-95.1000000000021 4.66
-95.0000000000021 4.66
-94.9000000000021 4.66
-94.8000000000021 4.66
-94.7000000000021 4.66
-94.6000000000021 4.66
-94.5000000000021 4.66
-94.4000000000021 4.66
-94.3000000000021 4.66
-94.2000000000021 4.66
-94.1000000000021 4.66
-94.0000000000021 4.66
-93.9000000000021 4.66
-93.8000000000021 4.66
-93.7000000000021 4.66
-93.6000000000022 4.66
-93.5000000000022 4.66
-93.4000000000022 4.66
-93.3000000000022 4.66
-93.2000000000022 4.66
-93.1000000000022 4.66
-93.0000000000022 4.66
-92.9000000000022 4.66
-92.8000000000022 4.66
-92.7000000000022 4.66
-92.6000000000022 4.66
-92.5000000000022 4.66
-92.4000000000022 4.66
-92.3000000000022 4.66
-92.2000000000022 4.66
-92.1000000000022 4.66
-92.0000000000022 4.66
-91.9000000000023 4.66
-91.8000000000023 4.66
-91.7000000000023 4.66
-91.6000000000023 4.66
-91.5000000000023 4.66
-91.4000000000023 4.66
-91.3000000000023 4.66
-91.2000000000023 4.66
-91.1000000000023 4.66
-91.0000000000023 4.66
-90.9000000000023 4.66
-90.8000000000023 4.66
-90.7000000000023 4.66
-90.6000000000023 4.66
-90.5000000000023 4.66
-90.4000000000023 4.66
-90.3000000000023 4.66
-90.2000000000023 4.66
-90.1000000000024 4.66
-90.0000000000024 4.66
-89.9000000000024 4.66
-89.8000000000024 4.66
-89.7000000000024 4.66
-89.6000000000024 4.66
-89.5000000000024 4.66
-89.4000000000024 4.66
-89.3000000000024 4.66
-89.2000000000024 4.66
-89.1000000000024 4.66
-89.0000000000024 4.66
-88.9000000000024 4.66
-88.8000000000024 4.66
-88.7000000000024 4.66365160399701
-88.6000000000024 4.66768114247561
-88.5000000000024 4.67171068095421
-88.4000000000024 4.67574021943281
-88.3000000000025 4.67976975791141
-88.2000000000025 4.68379929639001
-88.1000000000025 4.68782883486861
-88.0000000000025 4.69185837334721
-87.9000000000025 4.69588791182582
-87.8000000000025 4.69991745030442
-87.7000000000025 4.70394698878302
-87.6000000000025 4.70797652726162
-87.5000000000025 4.71200606574022
-87.4000000000025 4.71603560421882
-87.3000000000025 4.72006514269742
-87.2000000000025 4.72409468117602
-87.1000000000025 4.72812421965463
-87.0000000000025 4.73215375813323
-86.9000000000025 4.73618329661183
-86.8000000000025 4.74021283509043
-86.7000000000025 4.74424237356903
-86.6000000000026 4.74827191204763
-86.5000000000026 4.75230145052623
-86.4000000000026 4.75633098900483
-86.3000000000026 4.76036052748344
-86.2000000000026 4.76439006596204
-86.1000000000026 4.76841960444064
-86.0000000000026 4.77244914291924
-85.9000000000026 4.77647868139784
-85.8000000000026 4.78050821987644
-85.7000000000026 4.78453775835504
-85.6000000000026 4.78856729683364
-85.5000000000026 4.79259683531224
-85.4000000000026 4.79662637379085
-85.3000000000026 4.80065591226945
-85.2000000000026 4.80468545074805
-85.1000000000026 4.80871498922665
-85.0000000000026 4.81274452770525
-84.9000000000026 4.81677406618385
-84.8000000000027 4.82080360466245
-84.7000000000027 4.82483314314105
-84.6000000000027 4.82886268161965
-84.5000000000027 4.83289222009826
-84.4000000000027 4.83692175857686
-84.3000000000027 4.84095129705546
-84.2000000000027 4.84498083553406
-84.1000000000027 4.84901037401266
-84.0000000000027 4.85303991249126
-83.9000000000027 4.85706945096986
-83.8000000000027 4.86109898944846
-83.7000000000027 4.86512852792707
-83.6000000000027 4.86915806640567
-83.5000000000027 4.87318760488427
-83.4000000000027 4.87721714336287
-83.3000000000027 4.88124668184147
-83.2000000000027 4.88527622032007
-83.1000000000028 4.88930575879867
-83.0000000000028 4.89333529727727
-82.9000000000028 4.89736483575587
-82.8000000000028 4.90139437423448
-82.7000000000028 4.90542391271308
-82.6000000000028 4.90945345119168
-82.5000000000028 4.91348298967028
-82.4000000000028 4.91751252814888
-82.3000000000028 4.92154206662748
-82.2000000000028 4.92557160510608
-82.1000000000028 4.92960114358468
-82.0000000000028 4.93363068206329
-81.9000000000028 4.93766022054189
-81.8000000000028 4.94168975902049
-81.7000000000028 4.94571929749909
-81.6000000000028 4.94974883597769
-81.5000000000028 4.95377837445629
-81.4000000000028 4.95780791293489
-81.3000000000029 4.96183745141349
-81.2000000000029 4.9658669898921
-81.1000000000029 4.9698965283707
-81.0000000000029 4.9739260668493
-80.9000000000029 4.9779556053279
-80.8000000000029 4.9819851438065
-80.7000000000029 4.9860146822851
-80.6000000000029 4.9900442207637
-80.5000000000029 4.9940737592423
-80.4000000000029 4.9981032977209
-80.3000000000029 5.00213283619951
-80.2000000000029 5.00616237467811
-80.1000000000029 5.01019191315671
-80.0000000000029 5.01422145163531
-79.9000000000029 5.01825099011391
-79.8000000000029 5.02228052859251
-79.7000000000029 5.02631006707111
-79.600000000003 5.03033960554971
-79.500000000003 5.03436914402832
-79.400000000003 5.03839868250692
-79.300000000003 5.04242822098552
-79.200000000003 5.04645775946412
-79.100000000003 5.05048729794272
-79.000000000003 5.05451683642132
-78.900000000003 5.05854637489992
-78.800000000003 5.06257591337852
-78.700000000003 5.06660545185713
-78.600000000003 5.07063499033573
-78.500000000003 5.07466452881433
-78.400000000003 5.07869406729293
-78.300000000003 5.08272360577153
-78.200000000003 5.08675314425013
-78.100000000003 5.09078268272873
-78.000000000003 5.09481222120733
-77.900000000003 5.09884175968593
-77.8000000000031 5.10287129816454
-77.7000000000031 5.10690083664314
-77.6000000000031 5.11093037512174
-77.5000000000031 5.11495991360034
-77.4000000000031 5.11898945207894
-77.3000000000031 5.12301899055754
-77.2000000000031 5.12704852903614
-77.1000000000031 5.12857398425598
-77.0000000000031 5.12324390498635
-76.9000000000031 5.11791382571671
-76.8000000000031 5.11258374644708
-76.7000000000031 5.10725366717744
-76.6000000000031 5.10192358790781
-76.5000000000031 5.09659350863817
-76.4000000000031 5.09126342936854
-76.3000000000031 5.0859333500989
-76.2000000000031 5.08060327082927
-76.1000000000031 5.07527319155963
-76.0000000000032 5.06994311228999
-75.9000000000032 5.06461303302036
-75.8000000000032 5.05928295375072
-75.7000000000032 5.05395287448109
-75.6000000000032 5.04862279521145
-75.5000000000032 5.04329271594182
-75.4000000000032 5.03796263667218
-75.3000000000032 5.03263255740255
-75.2000000000032 5.02730247813291
-75.1000000000032 5.02197239886328
-75.0000000000032 5.01664231959364
-74.9000000000032 5.01131224032401
-74.8000000000032 5.00598216105437
-74.7000000000032 5.00065208178474
-74.6000000000032 4.9953220025151
-74.5000000000032 4.98999192324546
-74.4000000000032 4.98466184397583
-74.3000000000033 4.97933176470619
-74.2000000000033 4.97400168543656
-74.1000000000033 4.96867160616692
-74.0000000000033 4.96334152689729
-73.9000000000033 4.95801144762765
-73.8000000000033 4.95268136835802
-73.7000000000033 4.94735128908838
-73.6000000000033 4.94202120981875
-73.5000000000033 4.93669113054911
-73.4000000000033 4.93136105127948
-73.3000000000033 4.92603097200984
-73.2000000000033 4.9207008927402
-73.1000000000033 4.91537081347057
-73.0000000000033 4.91004073420093
-72.9000000000033 4.9047106549313
-72.8000000000033 4.89938057566166
-72.7000000000033 4.89405049639203
-72.6000000000033 4.88872041712239
-72.5000000000034 4.88339033785276
-72.4000000000034 4.87806025858312
-72.3000000000034 4.87273017931349
-72.2000000000034 4.86740010004385
-72.1000000000034 4.86207002077422
-72.0000000000034 4.85673994150458
-71.9000000000034 4.85140986223495
-71.8000000000034 4.84607978296531
-71.7000000000034 4.84074970369567
-71.6000000000034 4.83541962442604
-71.5000000000034 4.8300895451564
-71.4000000000034 4.82475946588677
-71.3000000000034 4.81942938661713
-71.2000000000034 4.8140993073475
-71.1000000000034 4.80876922807786
-71.0000000000034 4.80343914880823
-70.9000000000034 4.79810906953859
-70.8000000000035 4.79277899026896
-70.7000000000035 4.78744891099932
-70.6000000000035 4.78211883172968
-70.5000000000035 4.77678875246005
-70.4000000000035 4.77145867319041
-70.3000000000035 4.76612859392078
-70.2000000000035 4.76079851465114
-70.1000000000035 4.75546843538151
-70.0000000000035 4.75013835611187
-69.9000000000035 4.74480827684224
-69.8000000000035 4.7394781975726
-69.7000000000035 4.73414811830297
-69.6000000000035 4.72881803903333
-69.5000000000035 4.7234879597637
-69.4000000000035 4.71815788049406
-69.3000000000035 4.71282780122443
-69.2000000000035 4.70749772195479
-69.1000000000035 4.70216764268515
-69.0000000000036 4.69683756341552
-68.9000000000036 4.69150748414588
-68.8000000000036 4.68617740487625
-68.7000000000036 4.68084732560661
-68.6000000000036 4.67551724633698
-68.5000000000036 4.67018716706734
-68.4000000000036 4.66485708779771
-68.3000000000036 4.65952700852807
-68.2000000000036 4.65419692925844
-68.1000000000036 4.6488668499888
-68.0000000000036 4.64353677071917
-67.9000000000036 4.63820669144953
-67.8000000000036 4.63287661217989
-67.7000000000036 4.62754653291026
-67.6000000000036 4.62221645364062
-67.5000000000036 4.61688637437099
-67.4000000000036 4.61155629510135
-67.3000000000036 4.60622621583172
-67.2000000000037 4.60089613656208
-67.1000000000037 4.59556605729245
-67.0000000000037 4.59023597802281
-66.9000000000037 4.58490589875318
-66.8000000000037 4.57957581948354
-66.7000000000037 4.57424574021391
-66.6000000000037 4.56891566094427
-66.5000000000037 4.56358558167463
-66.4000000000037 4.558255502405
-66.3000000000037 4.55292542313536
-66.2000000000037 4.55102009485129
-66.1000000000037 4.55328120251754
-66.0000000000037 4.5555423101838
-65.9000000000037 4.55780341785006
-65.8000000000037 4.56006452551631
-65.7000000000037 4.56232563318257
-65.6000000000037 4.56458674084883
-65.5000000000038 4.56684784851508
-65.4000000000038 4.56910895618134
-65.3000000000038 4.5713700638476
-65.2000000000038 4.57363117151385
-65.1000000000038 4.57589227918011
-65.0000000000038 4.57815338684637
-64.9000000000038 4.58041449451262
-64.8000000000038 4.58267560217888
-64.7000000000038 4.58493670984513
-64.6000000000038 4.58719781751139
-64.5000000000038 4.58945892517765
-64.4000000000038 4.5917200328439
-64.3000000000038 4.59398114051016
-64.2000000000038 4.59624224817642
-64.1000000000038 4.59850335584267
-64.0000000000038 4.60076446350893
-63.9000000000038 4.60302557117519
-63.8000000000038 4.60528667884144
-63.7000000000038 4.6075477865077
-63.6000000000038 4.60980889417396
-63.5000000000038 4.61207000184021
-63.4000000000038 4.61433110950647
-63.3000000000038 4.61659221717273
-63.2000000000038 4.61885332483898
-63.1000000000038 4.62111443250524
-63.0000000000038 4.6233755401715
-62.9000000000038 4.62563664783775
-62.8000000000038 4.62789775550401
-62.7000000000038 4.63015886317027
-62.6000000000038 4.63241997083652
-62.5000000000038 4.63468107850278
-62.4000000000038 4.63694218616904
-62.3000000000038 4.63920329383529
-62.2000000000038 4.64146440150155
-62.1000000000038 4.64372550916781
-62.0000000000038 4.64598661683406
-61.9000000000038 4.64824772450032
-61.8000000000038 4.65050883216658
-61.7000000000038 4.65276993983283
-61.6000000000038 4.65503104749909
-61.5000000000038 4.65729215516535
-61.4000000000038 4.6595532628316
-61.3000000000038 4.66181437049786
-61.2000000000038 4.66407547816411
-61.1000000000038 4.66633658583037
-61.0000000000038 4.66859769349663
-60.9000000000038 4.67085880116289
-60.8000000000038 4.67311990882914
-60.7000000000038 4.6753810164954
-60.6000000000038 4.67764212416165
-60.5000000000038 4.67990323182791
-60.4000000000038 4.68216433949417
-60.3000000000038 4.68442544716042
-60.2000000000038 4.68668655482668
-60.1000000000038 4.68894766249294
-60.0000000000038 4.69120877015919
-59.9000000000038 4.69346987782545
-59.8000000000038 4.69573098549171
-59.7000000000038 4.69799209315796
-59.6000000000038 4.70025320082422
-59.5000000000038 4.70251430849048
-59.4000000000038 4.70477541615673
-59.3000000000038 4.70703652382299
-59.2000000000038 4.70929763148925
-59.1000000000038 4.7115587391555
-59.0000000000038 4.71381984682176
-58.9000000000038 4.71608095448802
-58.8000000000038 4.71834206215427
-58.7000000000038 4.72060316982053
-58.6000000000038 4.72286427748679
-58.5000000000038 4.72512538515304
-58.4000000000038 4.7273864928193
-58.3000000000038 4.72964760048556
-58.2000000000038 4.73190870815181
-58.1000000000038 4.73416981581807
-58.0000000000038 4.73643092348433
-57.9000000000038 4.73869203115058
-57.8000000000037 4.74095313881684
-57.7000000000037 4.7432142464831
-57.6000000000037 4.74547535414935
-57.5000000000037 4.74773646181561
-57.4000000000037 4.74999756948187
-57.3000000000037 4.75225867714812
-57.2000000000037 4.75451978481438
-57.1000000000037 4.75678089248064
-57.0000000000037 4.75904200014689
-56.9000000000037 4.76130310781315
-56.8000000000037 4.76356421547941
-56.7000000000037 4.76582532314566
-56.6000000000037 4.76808643081192
-56.5000000000037 4.77034753847818
-56.4000000000037 4.77260864614443
-56.3000000000037 4.77486975381069
-56.2000000000037 4.77713086147695
-56.1000000000037 4.7793919691432
-56.0000000000037 4.78165307680946
-55.9000000000037 4.78391418447572
-55.8000000000037 4.78617529214197
-55.7000000000037 4.78843639980823
-55.6000000000037 4.79069750747449
-55.5000000000037 4.79295861514074
-55.4000000000037 4.795219722807
-55.3000000000037 4.79748083047326
-55.2000000000037 4.79974193813951
-55.1000000000037 4.80200304580577
-55.0000000000037 4.80426415347203
-54.9000000000037 4.80652526113828
-54.8000000000037 4.80878636880454
-54.7000000000037 4.8110474764708
-54.6000000000037 4.81330858413705
-54.5000000000037 4.81556969180331
-54.4000000000037 4.81783079946957
-54.3000000000037 4.82009190713582
-54.2000000000037 4.82235301480208
-54.1000000000037 4.82461412246834
-54.0000000000037 4.82687523013459
-53.9000000000037 4.82913633780085
-53.8000000000037 4.8313974454671
-53.7000000000037 4.83365855313336
-53.6000000000037 4.83591966079962
-53.5000000000037 4.83818076846587
-53.4000000000037 4.84044187613213
-53.3000000000037 4.84270298379839
-53.2000000000037 4.84496409146464
-53.1000000000037 4.8472251991309
-53.0000000000037 4.84948630679716
-52.9000000000037 4.85174741446341
-52.8000000000037 4.85400852212967
-52.7000000000037 4.85626962979593
-52.6000000000037 4.85853073746218
-52.5000000000037 4.86079184512844
-52.4000000000037 4.8630529527947
-52.3000000000037 4.86531406046095
-52.2000000000037 4.86757516812721
-52.1000000000037 4.86983627579347
-52.0000000000037 4.87209738345972
-51.9000000000037 4.87435849112598
-51.8000000000037 4.87661959879224
-51.7000000000037 4.87888070645849
-51.6000000000037 4.88114181412475
-51.5000000000037 4.88340292179101
-51.4000000000037 4.88566402945726
-51.3000000000037 4.88792513712352
-51.2000000000037 4.89018624478978
-51.1000000000037 4.89244735245603
-51.0000000000037 4.89470846012229
-50.9000000000037 4.89696956778855
-50.8000000000036 4.8992306754548
-50.7000000000036 4.90383554427353
-50.6000000000036 4.90964910955573
-50.5000000000036 4.91546267483792
-50.4000000000036 4.92127624012011
-50.3000000000036 4.9270898054023
-50.2000000000036 4.93290337068449
-50.1000000000036 4.93871693596668
-50.0000000000036 4.94453050124887
-49.9000000000036 4.95034406653107
-49.8000000000036 4.95615763181326
-49.7000000000036 4.96197119709545
-49.6000000000036 4.96778476237764
-49.5000000000036 4.97359832765983
-49.4000000000036 4.97941189294202
-49.3000000000036 4.98522545822421
-49.2000000000036 4.99103902350641
-49.1000000000036 4.9968525887886
-49.0000000000036 5.00266615407079
-48.9000000000036 5.00847971935298
-48.8000000000036 5.01429328463517
-48.7000000000036 5.02010684991736
-48.6000000000036 5.02592041519956
-48.5000000000036 5.03173398048175
-48.4000000000036 5.03754754576394
-48.3000000000036 5.04336111104613
-48.2000000000036 5.04917467632832
-48.1000000000036 5.05498824161051
-48.0000000000036 5.0608018068927
-47.9000000000036 5.0666153721749
-47.8000000000036 5.07242893745709
-47.7000000000036 5.07824250273928
-47.6000000000036 5.08405606802147
-47.5000000000036 5.08986963330366
-47.4000000000036 5.09568319858585
-47.3000000000036 5.10149676386805
-47.2000000000036 5.10731032915024
-47.1000000000036 5.11312389443243
-47.0000000000036 5.11893745971462
-46.9000000000036 5.12475102499681
-46.8000000000036 5.130564590279
-46.7000000000036 5.13637815556119
-46.6000000000036 5.14219172084339
-46.5000000000036 5.14800528612558
-46.4000000000036 5.15381885140777
-46.3000000000036 5.15963241668996
-46.2000000000036 5.16544598197215
-46.1000000000036 5.17125954725434
-46.0000000000036 5.17707311253653
-45.9000000000036 5.18288667781873
-45.8000000000036 5.18870024310092
-45.7000000000036 5.19451380838311
-45.6000000000036 5.2003273736653
-45.5000000000036 5.20614093894749
-45.4000000000036 5.21195450422968
-45.3000000000036 5.21776806951188
-45.2000000000036 5.22358163479407
-45.1000000000036 5.22939520007626
-45.0000000000036 5.23520876535845
-44.9000000000036 5.24102233064064
-44.8000000000036 5.24683589592283
-44.7000000000036 5.25264946120502
-44.6000000000036 5.25846302648722
-44.5000000000036 5.26427659176941
-44.4000000000036 5.2700901570516
-44.3000000000036 5.27590372233379
-44.2000000000036 5.28171728761598
-44.1000000000036 5.28753085289817
-44.0000000000036 5.29334441818037
-43.9000000000036 5.29915798346256
-43.8000000000035 5.30497154874475
-43.7000000000035 5.31078511402694
-43.6000000000035 5.31659867930913
-43.5000000000035 5.32241224459132
-43.4000000000035 5.32822580987351
-43.3000000000035 5.33403937515571
-43.2000000000035 5.3398529404379
-43.1000000000035 5.34566650572009
-43.0000000000035 5.35148007100228
-42.9000000000035 5.35729363628447
-42.8000000000035 5.36310720156666
-42.7000000000035 5.36892076684885
-42.6000000000035 5.37473433213105
-42.5000000000035 5.38054789741324
-42.4000000000035 5.38636146269543
-42.3000000000035 5.39217502797762
-42.2000000000035 5.39798859325981
-42.1000000000035 5.403802158542
-42.0000000000035 5.4096157238242
-41.9000000000035 5.41542928910639
-41.8000000000035 5.42124285438858
-41.7000000000035 5.42705641967077
-41.6000000000035 5.43286998495296
-41.5000000000035 5.43868355023515
-41.4000000000035 5.44449711551735
-41.3000000000035 5.45031068079954
-41.2000000000035 5.45612424608173
-41.1000000000035 5.46193781136392
-41.0000000000035 5.46775137664611
-40.9000000000035 5.4735649419283
-40.8000000000035 5.47937850721049
-40.7000000000035 5.48519207249269
-40.6000000000035 5.49100563777488
-40.5000000000035 5.49681920305707
-40.4000000000035 5.50263276833926
-40.3000000000035 5.50844633362145
-40.2000000000035 5.51425989890364
-40.1000000000035 5.52007346418583
-40.0000000000035 5.52588702946803
-39.9000000000035 5.53170059475022
-39.8000000000035 5.53751416003241
-39.7000000000035 5.5433277253146
-39.6000000000035 5.54914129059679
-39.5000000000035 5.55495485587898
-39.4000000000035 5.56076842116117
-39.3000000000035 5.56658198644337
-39.2000000000035 5.57239555172556
-39.1000000000035 5.57820911700775
-39.0000000000035 5.58402268228994
-38.9000000000035 5.58983624757213
-38.8000000000035 5.59564981285432
-38.7000000000035 5.60146337813652
-38.6000000000035 5.60727694341871
-38.5000000000035 5.6130905087009
-38.4000000000035 5.61890407398309
-38.3000000000035 5.62471763926528
-38.2000000000035 5.63053120454747
-38.1000000000035 5.63634476982967
-38.0000000000035 5.64215833511186
-37.9000000000035 5.64797190039405
-37.8000000000035 5.65378546567624
-37.7000000000035 5.65959903095843
-37.6000000000035 5.66541259624062
-37.5000000000035 5.67122616152281
-37.4000000000035 5.67703972680501
-37.3000000000035 5.6828532920872
-37.2000000000035 5.68866685736939
-37.1000000000035 5.69448042265158
-37.0000000000035 5.70029398793377
-36.9000000000035 5.70610755321596
-36.8000000000035 5.71249350430694
-36.7000000000034 5.72003918672254
-36.6000000000034 5.72758486913814
-36.5000000000034 5.73513055155374
-36.4000000000034 5.74267623396935
-36.3000000000034 5.75022191638495
-36.2000000000034 5.75776759880055
-36.1000000000034 5.76531328121615
-36.0000000000034 5.77285896363176
-35.9000000000034 5.78040464604736
-35.8000000000034 5.78795032846296
-35.7000000000034 5.79549601087856
-35.6000000000034 5.80304169329416
-35.5000000000034 5.81058737570977
-35.4000000000034 5.81813305812537
-35.3000000000034 5.82567874054097
-35.2000000000034 5.83322442295657
-35.1000000000034 5.84077010537218
-35.0000000000034 5.84831578778778
-34.9000000000034 5.85586147020338
-34.8000000000034 5.86340715261898
-34.7000000000034 5.87095283503458
-34.6000000000034 5.87849851745019
-34.5000000000034 5.88604419986579
-34.4000000000034 5.89358988228139
-34.3000000000034 5.90113556469699
-34.2000000000034 5.90868124711259
-34.1000000000034 5.9162269295282
-34.0000000000034 5.9237726119438
-33.9000000000034 5.9313182943594
-33.8000000000034 5.938863976775
-33.7000000000034 5.9464096591906
-33.6000000000034 5.95395534160621
-33.5000000000034 5.96150102402181
-33.4000000000034 5.96904670643741
-33.3000000000034 5.97659238885301
-33.2000000000034 5.98413807126861
-33.1000000000034 5.99168375368422
-33.0000000000034 5.99922943609982
-32.9000000000034 6.00677511851542
-32.8000000000034 6.01432080093102
-32.7000000000034 6.02186648334663
-32.6000000000034 6.02941216576223
-32.5000000000034 6.03695784817783
-32.4000000000034 6.04450353059343
-32.3000000000034 6.05204921300903
-32.2000000000034 6.05959489542464
-32.1000000000034 6.06714057784024
-32.0000000000034 6.07468626025584
-31.9000000000034 6.08223194267144
-31.8000000000034 6.08977762508704
-31.7000000000034 6.09732330750265
-31.6000000000034 6.10486898991825
-31.5000000000034 6.11241467233385
-31.4000000000034 6.11996035474945
-31.3000000000034 6.12750603716505
-31.2000000000034 6.13505171958066
-31.1000000000034 6.14259740199626
-31.0000000000034 6.15014308441186
-30.9000000000034 6.15768876682746
-30.8000000000034 6.16523444924307
-30.7000000000034 6.17278013165867
-30.6000000000034 6.18032581407427
-30.5000000000034 6.18787149648987
-30.4000000000034 6.19541717890547
-30.3000000000034 6.20296286132108
-30.2000000000034 6.21050854373668
-30.1000000000034 6.21805422615228
-30.0000000000034 6.22559990856788
-29.9000000000034 6.23314559098348
-29.8000000000034 6.24069127339909
-29.7000000000033 6.24823695581469
-29.6000000000033 6.25578263823029
-29.5000000000033 6.26332832064589
-29.4000000000033 6.2708740030615
-29.3000000000033 6.2784196854771
-29.2000000000033 6.2859653678927
-29.1000000000033 6.2935110503083
-29.0000000000033 6.3010567327239
-28.9000000000033 6.30860241513951
-28.8000000000033 6.31614809755511
-28.7000000000033 6.32369377997071
-28.6000000000033 6.33123946238631
-28.5000000000033 6.33878514480191
-28.4000000000033 6.34633082721752
-28.3000000000033 6.35387650963312
-28.2000000000033 6.36142219204872
-28.1000000000033 6.36896787446432
-28.0000000000033 6.37651355687992
-27.9000000000033 6.38405923929553
-27.8000000000033 6.39160492171113
-27.7000000000033 6.39915060412673
-27.6000000000033 6.40669628654233
-27.5000000000033 6.41424196895793
-27.4000000000033 6.42178765137354
-27.3000000000033 6.42933333378914
-27.2000000000033 6.43687901620474
-27.1000000000033 6.44442469862034
-27.0000000000033 6.45197038103595
-26.9000000000033 6.45951606345155
-26.8000000000033 6.46706174586715
-26.7000000000033 6.47460742828275
-26.6000000000033 6.48215311069835
-26.5000000000033 6.48969879311396
-26.4000000000033 6.49724447552956
-26.3000000000033 6.50479015794516
-26.2000000000033 6.51233584036076
-26.1000000000033 6.51988152277636
-26.0000000000033 6.52742720519197
-25.9000000000033 6.53497288760757
-25.8000000000033 6.54251857002317
-25.7000000000033 6.55006425243877
-25.6000000000033 6.55760993485437
-25.5000000000033 6.56515561726998
-25.4000000000033 6.57270129968558
-25.3000000000033 6.58024698210118
-25.2000000000033 6.58779266451678
-25.1000000000033 6.59533834693239
-25.0000000000033 6.60288402934799
-24.9000000000033 6.61042971176359
-24.8000000000033 6.61797539417919
-24.7000000000033 6.62552107659479
-24.6000000000033 6.6330667590104
-24.5000000000033 6.640612441426
-24.4000000000033 6.6481581238416
-24.3000000000033 6.65439017215656
-24.2000000000033 6.66019802104719
-24.1000000000033 6.66600586993782
-24.0000000000033 6.67181371882845
-23.9000000000033 6.67762156771908
-23.8000000000033 6.68342941660971
-23.7000000000033 6.68923726550033
-23.6000000000033 6.69504511439096
-23.5000000000033 6.70085296328159
-23.4000000000033 6.70666081217222
-23.3000000000033 6.71246866106285
-23.2000000000033 6.71827650995348
-23.1000000000033 6.72408435884411
-23.0000000000033 6.72989220773473
-22.9000000000033 6.73570005662536
-22.8000000000033 6.74150790551599
-22.7000000000033 6.74731575440662
-22.6000000000032 6.75312360329725
-22.5000000000032 6.75893145218788
-22.4000000000032 6.7647393010785
-22.3000000000032 6.77054714996913
-22.2000000000032 6.77635499885976
-22.1000000000032 6.78216284775039
-22.0000000000032 6.78797069664102
-21.9000000000032 6.79377854553165
-21.8000000000032 6.79958639442227
-21.7000000000032 6.8053942433129
-21.6000000000032 6.81120209220353
-21.5000000000032 6.81700994109416
-21.4000000000032 6.82281778998479
-21.3000000000032 6.82862563887542
-21.2000000000032 6.83443348776605
-21.1000000000032 6.84024133665667
-21.0000000000032 6.8460491855473
-20.9000000000032 6.85185703443793
-20.8000000000032 6.85766488332856
-20.7000000000032 6.86347273221919
-20.6000000000032 6.86928058110982
-20.5000000000032 6.87508843000044
-20.4000000000032 6.88089627889107
-20.3000000000032 6.8867041277817
-20.2000000000032 6.89251197667233
-20.1000000000032 6.89831982556296
-20.0000000000032 6.90412767445359
-19.9000000000032 6.90993552334422
-19.8000000000032 6.91574337223484
-19.7000000000032 6.92155122112547
-19.6000000000032 6.9273590700161
-19.5000000000032 6.93316691890673
-19.4000000000032 6.93897476779736
-19.3000000000032 6.94478261668799
-19.2000000000032 6.95059046557861
-19.1000000000032 6.95639831446924
-19.0000000000032 6.96220616335987
-18.9000000000032 6.9680140122505
-18.8000000000032 6.97382186114113
-18.7000000000032 6.97962971003176
-18.6000000000032 6.98543755892238
-18.5000000000032 6.99124540781301
-18.4000000000032 6.99705325670364
-18.3000000000032 7.00286110559427
-18.2000000000032 7.0086689544849
-18.1000000000032 7.01447680337553
-18.0000000000032 7.02028465226616
-17.9000000000032 7.02609250115678
-17.8000000000032 7.03190035004741
-17.7000000000032 7.03770819893804
-17.6000000000032 7.04351604782867
-17.5000000000032 7.0493238967193
-17.4000000000032 7.05513174560993
-17.3000000000032 7.06093959450055
-17.2000000000032 7.06674744339118
-17.1000000000032 7.07255529228181
-17.0000000000032 7.07836314117244
-16.9000000000032 7.08417099006307
-16.8000000000032 7.0899788389537
-16.7000000000032 7.09578668784432
-16.6000000000032 7.10159453673495
-16.5000000000032 7.10740238562558
-16.4000000000032 7.11321023451621
-16.3000000000032 7.11901808340684
-16.2000000000032 7.12482593229747
-16.1000000000032 7.1306337811881
-16.0000000000032 7.13644163007872
-15.9000000000032 7.14224947896935
-15.8000000000032 5.4338533991652
-15.7000000000032 5.43077504748343
-15.6000000000032 5.42769669580166
-15.5000000000032 5.4246183441199
-15.4000000000032 5.42153999243813
-15.3000000000032 5.41846164075636
-15.2000000000032 5.41538328907459
-15.1000000000032 5.4171580016051
-15.0000000000032 5.4282335127256
-14.9000000000032 5.4393090238461
-14.8000000000032 5.45038453496661
-14.7000000000032 5.46146004608711
-14.6000000000032 5.47253555720761
-14.5000000000032 5.48361106832812
-14.4000000000032 5.49468657944862
-14.3000000000032 5.50576209056912
-14.2000000000032 5.51683760168963
-14.1000000000032 5.52791311281013
-14.0000000000032 5.53898862393063
-13.9000000000032 5.55006413505114
-13.8000000000032 5.56113964617164
-13.7000000000032 5.57221515729215
-13.6000000000032 5.58232536876239
-13.5000000000032 5.57240346366562
-13.4000000000032 5.56248155856885
-13.3000000000032 5.55255965347209
-13.2000000000032 5.54263774837532
-13.1000000000032 5.53271584327855
-13.0000000000032 5.52279393818178
-12.9000000000032 5.51287203308501
-12.8000000000032 5.50295012798824
-12.7000000000032 5.49302822289147
-12.6000000000032 5.48509012481752
-12.5000000000032 5.48178060128583
-12.4000000000032 5.47847107775414
-12.3000000000032 5.47516155422246
-12.2000000000032 5.47185203069077
-12.1000000000032 5.46854250715909
-12.0000000000032 5.4652329836274
-11.9000000000032 5.46192346009572
-11.8000000000032 5.45861393656403
-11.7000000000032 5.45530441303235
-11.6000000000032 5.45199488950066
-11.5000000000032 5.44868536596897
-11.4000000000032 5.44537584243729
-11.3000000000032 5.44677301983228
-11.2000000000032 5.45454551606501
-11.1000000000032 5.46231801229774
-11.0000000000032 5.47009050853047
-10.9000000000032 5.4778630047632
-10.8000000000032 5.48563550099593
-10.7000000000032 5.49340799722866
-10.6000000000032 5.50118049346139
-10.5000000000032 5.50895298969412
-10.4000000000032 5.51672548592685
-10.3000000000032 5.52449798215958
-10.2000000000032 5.53227047839231
-10.1000000000032 5.54004297462504
-10.0000000000032 5.54781547085777
-9.90000000000318 5.5555879670905
-9.80000000000318 5.56336046332323
-9.70000000000318 5.57113295955596
-9.60000000000318 5.58152750778478
-9.50000000000318 5.59194109455257
-9.40000000000318 5.60235468132036
-9.30000000000318 5.61276826808816
-9.20000000000318 5.62318185485595
-9.10000000000318 5.63359544162374
-9.00000000000318 5.64400902839153
-8.90000000000318 5.65442261515932
-8.80000000000318 5.66483620192712
-8.70000000000318 5.67524978869491
-8.60000000000318 5.6856633754627
-8.50000000000318 5.69607696223049
-8.40000000000318 5.70649054899828
-8.30000000000318 5.71690413576608
-8.20000000000318 5.72731772253387
-8.10000000000318 5.73773130930166
-8.00000000000318 5.74814489606945
-7.90000000000318 5.75855848283724
-7.80000000000318 5.76897206960504
-7.70000000000318 5.77938565637283
-7.60000000000318 5.78979924314062
-7.50000000000319 5.80038308117292
-7.40000000000319 5.81886630676526
-7.30000000000319 5.83734953235759
-7.20000000000319 5.85583275794992
-7.10000000000319 5.87431598354225
-7.00000000000319 5.89279920913459
-6.90000000000319 5.91128243472692
-6.80000000000319 5.92976566031925
-6.70000000000319 5.94824888591158
-6.60000000000319 5.96673211150392
-6.50000000000319 5.98521533709625
-6.40000000000319 6.00369856268858
-6.30000000000319 6.02218178828091
-6.20000000000319 6.04066501387325
-6.10000000000319 6.05914823946558
-6.00000000000319 6.07763146505791
-5.90000000000319 6.09611469065024
-5.80000000000319 6.11459791624258
-5.70000000000319 6.13308114183491
-5.60000000000319 6.15156436742724
-5.50000000000319 6.17004759301958
-5.40000000000319 6.18972388543006
-5.30000000000319 6.21565981954854
-5.20000000000319 6.24159575366701
-5.10000000000319 6.26753168778548
-5.00000000000319 6.29346762190395
-4.90000000000319 6.31940355602242
-4.80000000000319 6.3453394901409
-4.70000000000319 6.37127542425937
-4.6000000000032 6.39721135837784
-4.5000000000032 6.42314729249631
-4.4000000000032 6.44908322661479
-4.3000000000032 6.47501916073326
-4.2000000000032 6.50088389958643
-4.1000000000032 6.50378782403175
-4.0000000000032 6.50669174847706
-3.9000000000032 6.50959567292237
-3.8000000000032 6.51249959736769
-3.7000000000032 6.515403521813
-3.6000000000032 6.51830744625832
-3.5000000000032 6.52121137070363
-3.4000000000032 6.52411529514895
-3.3000000000032 6.52701921959426
-3.2000000000032 6.52992314403957
-3.1000000000032 6.53282706848489
-3.0000000000032 6.5357309929302
-2.9000000000032 6.53863491737552
-2.8000000000032 6.54153884182083
-2.7000000000032 6.54444276626614
-2.6000000000032 6.54734669071146
-2.5000000000032 6.55025061515677
-2.4000000000032 6.55315453960209
-2.3000000000032 6.5560584640474
-2.2000000000032 6.55896238849272
-2.1000000000032 6.56186631293803
-2.0000000000032 6.56477023738334
-1.9000000000032 6.56767416182866
-1.8000000000032 6.57057808627397
-1.7000000000032 6.57348201071929
-1.6000000000032 6.5763859351646
-1.5000000000032 6.57928985960991
-1.4000000000032 6.58219378405523
-1.3000000000032 6.58509770850054
-1.20000000000319 6.58800163294586
-1.10000000000319 6.59090555739117
-1.00000000000319 6.59380948183649
-0.900000000003195 6.5967134062818
-0.800000000003195 6.59961733072711
-0.700000000003195 6.60252125517243
-0.600000000003195 6.60542517961774
-0.500000000003195 6.60832910406306
-0.400000000003195 6.61123302850837
-0.300000000003195 6.61413695295369
-0.200000000003195 6.617040877399
-0.100000000003195 6.61994480184431
-3.19491655353943e-12 6.62284872628963
0.0999999999968051 6.62575265073494
0.199999999996805 6.62865657518026
0.299999999996805 6.63156049962557
0.399999999996805 6.63446442407088
0.499999999996805 6.6373683485162
0.599999999996805 6.64027227296151
0.699999999996805 6.64317619740683
0.799999999996805 6.64608012185214
0.899999999996805 6.64898404629746
0.999999999996805 6.65188797074277
1.09999999999681 6.65479189518808
1.19999999999681 6.6576958196334
1.29999999999681 6.66059974407871
1.39999999999681 6.66350366852403
1.49999999999681 6.66640759296934
1.59999999999681 6.66931151741465
1.69999999999681 6.67221544185997
1.79999999999681 6.67511936630528
1.89999999999681 6.6780232907506
1.99999999999681 6.68092721519591
2.09999999999681 6.68383113964123
2.19999999999681 6.68673506408654
2.29999999999681 6.68963898853185
2.39999999999681 6.69254291297717
2.49999999999681 6.69603284514274
2.59999999999681 6.69968157197937
2.69999999999681 6.703330298816
2.79999999999681 6.70697902565263
2.89999999999681 6.71062775248926
2.99999999999681 6.71427647932589
3.09999999999681 6.71792520616251
3.19999999999681 6.72157393299914
3.29999999999681 6.72522265983577
3.39999999999681 6.7288713866724
3.49999999999681 6.73252011350903
3.59999999999681 6.73616884034566
3.69999999999681 6.73981756718229
3.79999999999681 6.74346629401891
3.89999999999681 6.74711502085554
3.99999999999681 6.75076374769217
4.09999999999681 6.7544124745288
4.19999999999681 6.75806120136543
4.29999999999681 6.76170992820206
4.39999999999681 6.76535865503869
4.49999999999681 6.76900738187531
4.59999999999681 6.77265610871194
4.69999999999681 6.77630483554857
4.79999999999681 6.7799535623852
4.8999999999968 6.78360228922183
4.9999999999968 6.78725101605846
5.0999999999968 6.79089974289509
5.1999999999968 6.79454846973172
5.2999999999968 6.79819719656834
5.3999999999968 6.80184592340497
5.4999999999968 6.8054946502416
5.5999999999968 6.80914337707823
5.6999999999968 6.81279210391486
5.7999999999968 6.8175981150709
5.8999999999968 6.82387988277661
5.9999999999968 6.83016165048233
6.0999999999968 6.83644341818804
6.1999999999968 6.84272518589376
6.2999999999968 6.84900695359947
6.3999999999968 6.85528872130519
6.4999999999968 6.8615704890109
6.5999999999968 6.86785225671662
6.6999999999968 6.87413402442233
6.7999999999968 6.88041579212805
6.8999999999968 6.88669755983376
6.9999999999968 6.89297932753948
7.0999999999968 6.89926109524519
7.1999999999968 6.90554286295091
7.2999999999968 6.91182463065662
7.3999999999968 6.91810639836234
7.4999999999968 6.92438816606805
7.5999999999968 6.93066993377377
7.69999999999679 6.93695170147948
7.79999999999679 6.94335960027611
7.89999999999679 6.95119325657959
7.99999999999679 6.95902691288306
8.09999999999679 6.96686056918654
8.19999999999679 6.97469422549002
8.29999999999679 6.98252788179349
8.39999999999679 6.99036153809697
8.49999999999679 6.99819519440045
8.59999999999679 7.00602885070392
8.69999999999679 7.0138625070074
8.79999999999679 7.02169616331088
8.89999999999679 7.02952981961435
8.99999999999679 7.03736347591783
9.09999999999679 7.04519713222131
9.19999999999679 7.05303078852478
9.29999999999679 7.06086444482826
9.39999999999679 7.06869810113174
9.49999999999679 7.07653175743521
9.59999999999679 7.08436541373869
9.69999999999679 7.09219907004217
9.79999999999679 7.10003272634564
9.89999999999679 7.10786638264912
9.99999999999679 7.1157000389526
10.0999999999968 7.12353369525607
10.1999999999968 7.13136735155955
10.2999999999968 7.13920100786303
10.3999999999968 7.1470346641665
10.4999999999968 7.15486832046998
10.5999999999968 7.16270197677346
10.6999999999968 7.17053563307693
10.7999999999968 7.17836928938041
10.8999999999968 7.18620294568389
10.9999999999968 7.19403660198736
11.0999999999968 7.20187025829084
11.1999999999968 7.20970391459432
11.2999999999968 7.21753757089779
11.3999999999968 7.22537122720127
11.4999999999968 7.23318454780781
11.5999999999968 7.24073382122482
11.6999999999968 7.24828309464183
11.7999999999968 7.25583236805884
11.8999999999968 7.26338164147585
11.9999999999968 7.27093091489286
12.0999999999968 7.27848018830987
12.1999999999968 7.28602946172688
12.2999999999968 7.29357873514389
12.3999999999968 7.3011280085609
12.4999999999968 7.30867728197791
12.5999999999968 7.31622655539492
12.6999999999968 7.32377582881193
12.7999999999968 7.33132510222894
12.8999999999968 7.33887437564595
12.9999999999968 7.34642364906296
13.0999999999968 7.35397292247997
13.1999999999968 7.36152219589698
13.2999999999968 7.36907146931399
13.3999999999968 7.376620742731
13.4999999999968 7.38417001614801
13.5999999999968 7.39171928956502
13.6999999999968 7.39926856298203
13.7999999999968 7.40681783639904
13.8999999999968 7.41436710981605
13.9999999999968 7.42191638323306
14.0999999999968 7.42946565665007
14.1999999999968 7.43701493006708
14.2999999999968 7.44456420348409
14.3999999999968 7.4521134769011
14.4999999999968 7.45966275031811
14.5999999999968 7.46721202373512
14.6999999999968 7.47476129715213
14.7999999999968 7.48231057056914
14.8999999999968 7.48985984398615
14.9999999999968 7.49740911740316
15.0999999999968 7.50495839082017
15.1999999999968 7.51250766423718
15.2999999999968 7.52005693765419
15.3999999999968 7.5276062110712
15.4999999999968 7.53768358982294
15.5999999999968 7.55322903189049
15.6999999999968 7.56877447395804
15.7999999999968 7.58431991602559
15.8999999999968 7.59986535809313
15.9999999999968 7.61541080016068
16.0999999999968 7.63095624222823
16.1999999999968 7.64650168429578
16.2999999999968 7.66204712636333
16.3999999999968 7.67759256843087
16.4999999999968 7.69313801049842
16.5999999999968 7.70868345256597
16.6999999999968 7.72422889463352
16.7999999999968 7.73977433670107
16.8999999999968 7.75531977876862
16.9999999999968 7.77086522083616
17.0999999999968 7.78641066290371
17.1999999999968 7.80195610497126
17.2999999999968 7.81750154703881
17.3999999999968 7.83304698910636
17.4999999999968 7.8485924311739
17.5999999999968 7.86413787324145
17.6999999999968 7.879683315309
17.7999999999968 7.89522875737655
17.8999999999968 7.9107741994441
17.9999999999968 7.92631964151165
18.0999999999968 7.94186508357919
18.1999999999968 7.95741052564674
18.2999999999968 7.97295596771429
18.3999999999968 7.98850140978184
18.4999999999968 8.00404685184939
18.5999999999968 8.01959229391693
18.6999999999968 8.03513773598448
18.7999999999968 8.05068317805203
18.8999999999968 8.06622862011958
18.9999999999968 8.08177406218713
19.0999999999968 8.09731950425467
19.1999999999968 8.11724512673851
19.2999999999968 8.1379614948438
19.3999999999968 8.1586778629491
19.4999999999968 8.1793942310544
19.5999999999968 8.20011059915969
19.6999999999968 8.22082696726499
19.7999999999968 8.24154333537028
19.8999999999968 8.26225970347557
19.9999999999968 8.28297607158087
20.0999999999968 8.30369243968616
20.1999999999968 8.32440880779146
20.2999999999968 8.34512517589675
20.3999999999968 8.36584154400205
20.4999999999968 8.38672254961412
20.5999999999968 8.40810551545035
20.6999999999968 8.42948848128658
20.7999999999968 8.4508714471228
20.8999999999968 8.47225441295903
20.9999999999968 8.49363737879526
21.0999999999968 8.51502034463149
21.1999999999968 8.53640331046772
21.2999999999968 8.55778627630395
21.3999999999968 8.57916924214017
21.4999999999968 8.6005522079764
21.5999999999968 8.62193517381263
21.6999999999968 8.64331813964886
21.7999999999968 8.66470110548509
21.8999999999968 8.68608407132131
21.9999999999968 8.70746703715754
22.0999999999969 8.72885000299377
22.1999999999969 8.75023296883
22.2999999999969 8.77161593466623
22.3999999999969 8.79299890050245
22.4999999999969 8.81438186633868
22.5999999999969 8.83576483217491
22.6999999999969 8.85714779801114
22.7999999999969 8.87853076384737
22.8999999999969 8.89991372968359
22.9999999999969 8.92129669551982
23.0999999999969 8.94267966135605
23.1999999999969 8.96406262719228
23.2999999999969 8.98544559302851
23.3999999999969 9.00682855886473
23.4999999999969 9.02821152470096
23.5999999999969 9.04959449053719
23.6999999999969 9.07097745637342
23.7999999999969 9.09236042220965
23.8999999999969 9.11374338804588
23.9999999999969 9.1351263538821
24.0999999999969 9.15650931971833
24.1999999999969 9.17789228555456
24.2999999999969 9.19927525139079
24.3999999999969 9.22065821722702
24.4999999999969 9.24204118306324
24.5999999999969 9.26342414889947
24.6999999999969 9.2848071147357
24.7999999999969 9.30619008057193
24.8999999999969 9.32757304640816
24.9999999999969 9.34977615816314
25.0999999999969 9.37497383046938
25.1999999999969 9.40017150277561
25.2999999999969 9.42536917508184
25.3999999999969 9.45056684738808
25.4999999999969 9.47576451969431
25.5999999999969 9.50096219200055
25.6999999999969 9.52615986430678
25.7999999999969 9.55135753661301
25.8999999999969 9.57655520891925
25.9999999999969 9.60175288122548
26.0999999999969 9.62695055353172
26.1999999999969 9.65214822583795
26.2999999999969 9.67734589814419
26.3999999999969 9.70254357045042
26.4999999999969 9.72774124275665
26.5999999999969 9.75293891506289
26.6999999999969 9.77813658736912
26.7999999999969 9.80333425967536
26.8999999999969 9.82853193198159
26.9999999999969 9.85372960428782
27.0999999999969 9.87892727659406
27.1999999999969 9.90412494890029
27.2999999999969 9.92932262120653
27.3999999999969 9.95452029351276
27.4999999999969 9.979717965819
27.5999999999969 10.0049156381252
27.6999999999969 10.0301133104315
27.7999999999969 10.0553109827377
27.8999999999969 10.0805086550439
27.9999999999969 10.1057063273502
28.0999999999969 10.1309039996564
28.1999999999969 10.1561016719626
28.2999999999969 10.1812993442689
28.3999999999969 10.2064970165751
28.4999999999969 10.2316946888813
28.5999999999969 10.2568923611876
28.6999999999969 10.2820900334938
28.7999999999969 10.3072877058
28.8999999999969 10.3324853781063
28.9999999999969 10.3576830504125
29.0999999999969 10.3828807227187
29.199999999997 10.408078395025
29.299999999997 10.4332760673312
29.399999999997 10.4584737396374
29.499999999997 10.4836714119437
29.599999999997 10.5088690842499
29.699999999997 10.5340667565561
29.799999999997 10.5592644288624
29.899999999997 10.5844621011686
29.999999999997 10.6096597734748
30.099999999997 10.6348574457811
30.199999999997 10.6600551180873
30.299999999997 10.6852527903936
30.399999999997 10.7104504626998
30.499999999997 10.735648135006
30.599999999997 10.7608458073123
30.699999999997 10.7860434796185
30.799999999997 10.8112411519247
30.899999999997 10.836438824231
30.999999999997 10.8616364965372
31.099999999997 10.8868341688434
31.199999999997 10.9120318411497
31.299999999997 10.9372295134559
31.399999999997 10.9624271857621
31.499999999997 10.9876248580684
31.599999999997 11.0128225303746
31.699999999997 11.0380202026808
31.799999999997 11.0632178749871
31.899999999997 11.0884155472933
31.999999999997 11.1136132195995
32.099999999997 11.1406501537938
32.199999999997 11.1678254274306
32.299999999997 11.1950007010674
32.399999999997 11.2221759747042
32.499999999997 11.249351248341
32.599999999997 11.2765265219778
32.699999999997 11.3037017956146
32.799999999997 11.3308770692514
32.899999999997 11.3580523428882
32.999999999997 11.3852276165251
33.099999999997 11.4124028901619
33.199999999997 11.4395781637987
33.299999999997 11.4667534374355
33.399999999997 11.4939287110723
33.499999999997 11.5211039847091
33.599999999997 11.5482792583459
33.699999999997 11.5761812705411
33.799999999997 11.6041910425625
33.899999999997 11.6322008145839
33.999999999997 11.6602105866053
34.099999999997 11.6882203586267
34.199999999997 11.7162301306481
34.299999999997 11.7442399026695
34.399999999997 11.7722496746909
34.499999999997 11.8002594467123
34.599999999997 11.8282692187337
34.699999999997 11.8562789907551
34.799999999997 11.8842887627764
34.899999999997 11.9122985347978
34.999999999997 11.9403083068192
35.099999999997 11.9683180788406
35.199999999997 11.996327850862
35.299999999997 12.0243376228834
35.399999999997 12.0523473949048
35.499999999997 12.0803571669262
35.599999999997 12.1083669389476
35.699999999997 12.136376710969
35.799999999997 12.1643864829904
35.899999999997 12.1923962550118
35.999999999997 12.2204060270332
36.099999999997 12.2484157990546
36.199999999997 12.276425571076
36.299999999997 12.3044353430974
36.399999999997 12.3324451151188
36.4999999999971 12.3604548871402
36.5999999999971 12.3884646591616
36.6999999999971 12.416474431183
36.7999999999971 12.4444842032044
36.8999999999971 12.4724939752258
36.9999999999971 12.5005037472472
37.0999999999971 12.5285135192686
37.1999999999971 12.55652329129
37.2999999999971 12.178998878361
37.3999999999971 12.1930750012208
37.4999999999971 12.2071511240807
37.5999999999971 12.2212272469405
37.6999999999971 12.2353033698004
37.7999999999971 12.2493794926602
37.8999999999971 12.26345561552
37.9999999999971 12.2775317383799
38.0999999999971 12.2916078612397
38.1999999999971 12.3056839840996
38.2999999999971 12.3197601069594
38.3999999999971 12.3338362298192
38.4999999999971 12.3479123526791
38.5999999999971 12.3619884755389
38.6999999999971 12.3760645983988
38.7999999999971 12.3901407212586
38.8999999999971 12.4042168441184
38.9999999999971 12.4182929669783
39.0999999999971 12.4323690898381
39.1999999999971 12.446445212698
39.2999999999971 12.4605213355578
39.3999999999971 12.4745974584176
39.4999999999971 12.4886735812775
39.5999999999971 12.5027497041373
39.6999999999971 12.5168258269972
39.7999999999971 12.530901949857
39.8999999999971 12.5449780727168
39.9999999999971 12.5590541955767
40.0999999999971 12.5731303184365
40.1999999999971 12.5872064412964
40.2999999999971 12.6012825641562
40.3999999999971 12.615358687016
40.4999999999971 12.6294348098759
40.5999999999971 12.6435109327357
40.6999999999971 12.6575870555956
40.7999999999971 12.6716631784554
40.8999999999971 12.6857393013152
40.9999999999971 12.6998154241751
41.0999999999971 12.7138915470349
41.1999999999971 12.7279676698947
41.2999999999971 12.7420437927546
41.3999999999971 12.7561199156144
41.4999999999971 12.7701960384743
41.5999999999971 12.7842721613341
41.6999999999971 12.7983482841939
41.7999999999971 12.8124244070538
41.8999999999971 12.8265005299136
41.9999999999971 12.8405766527735
42.0999999999971 12.8546527756333
42.1999999999971 12.8687288984931
42.2999999999971 12.882805021353
42.3999999999971 12.8968811442128
42.4999999999971 12.9109572670727
42.5999999999971 12.9250333899325
42.6999999999971 12.9391095127923
42.7999999999971 12.9531856356522
42.8999999999971 12.967261758512
42.9999999999971 12.9813378813719
43.0999999999971 12.9954140042317
43.1999999999971 13.0094901270915
43.2999999999971 13.0235662499514
43.3999999999971 13.0376423728112
43.4999999999972 13.0517184956711
43.5999999999972 13.0657946185309
43.6999999999972 13.0798707413907
43.7999999999972 13.0939468642506
43.8999999999972 13.1080229871104
43.9999999999972 13.1220991099703
44.0999999999972 13.1361752328301
44.1999999999972 13.1502513556899
44.2999999999972 13.1643274785498
44.3999999999972 13.1784036014096
44.4999999999972 13.1924797242695
44.5999999999972 13.2065558471293
44.6999999999972 13.2206319699891
44.7999999999972 13.234708092849
44.8999999999972 13.2487842157088
44.9999999999972 13.2628603385687
45.0999999999972 13.2769364614285
45.1999999999972 13.2910125842883
45.2999999999972 13.3050887071482
45.3999999999972 13.319164830008
45.4999999999972 13.3332409528679
45.5999999999972 13.3473170757277
45.6999999999972 13.3613931985875
45.7999999999972 13.3754693214474
45.8999999999972 13.3895454443072
45.9999999999972 13.4036215671671
46.0999999999972 13.4206558982925
46.1999999999972 13.4401414495453
46.2999999999972 13.4596270007981
46.3999999999972 13.4791125520509
46.4999999999972 13.4985981033036
46.5999999999972 13.5180836545564
46.6999999999972 13.5375692058092
46.7999999999972 13.557054757062
46.8999999999972 13.5765403083148
46.9999999999972 13.5960258595676
47.0999999999972 13.6155114108204
47.1999999999972 13.6349969620731
47.2999999999972 13.6544825133259
47.3999999999972 13.6739680645787
47.4999999999972 13.6934536158315
47.5999999999972 13.7129391670843
47.6999999999972 13.7324247183371
47.7999999999972 13.7519102695899
47.8999999999972 13.7713958208426
47.9999999999972 13.7908813720954
48.0999999999972 13.8103669233482
48.1999999999972 13.829852474601
48.2999999999972 13.8493380258538
48.3999999999972 13.8688235771066
48.4999999999972 13.8883091283594
48.5999999999972 13.9077946796121
48.6999999999972 13.9272802308649
48.7999999999972 13.9467657821177
48.8999999999972 13.9662513333705
48.9999999999972 13.9857368846233
49.0999999999972 14.0052224358761
49.1999999999972 14.0247079871289
49.2999999999972 14.0441935383816
49.3999999999972 14.0636790896344
49.4999999999972 14.0831646408872
49.5999999999972 14.10265019214
49.6999999999972 14.1221357433928
49.7999999999972 14.1416212946456
49.8999999999972 14.1611068458984
49.9999999999972 14.1805923971511
50.0999999999972 14.2000779484039
50.1999999999972 14.2195634996567
50.2999999999972 14.2390490509095
50.3999999999972 14.2585346021623
50.4999999999973 14.2780201534151
50.5999999999973 14.2975057046679
50.6999999999973 14.3169912559206
50.7999999999973 14.3364768071734
50.8999999999973 14.3559623584262
50.9999999999973 14.375447909679
51.0999999999973 14.3949334609318
51.1999999999973 14.4144190121846
51.2999999999973 14.4339045634374
51.3999999999973 14.4533901146901
51.4999999999973 14.4728756659429
51.5999999999973 14.4923612171957
51.6999999999973 14.5118467684485
51.7999999999973 14.5313323197013
51.8999999999973 14.5508178709541
51.9999999999973 14.5703034222069
52.0999999999973 14.5897889734596
52.1999999999973 14.6092745247124
52.2999999999973 14.6287600759652
52.3999999999973 14.648245627218
52.4999999999973 14.6677311784708
52.5999999999973 14.6872167297236
52.6999999999973 14.7067022809764
52.7999999999973 14.7261878322291
52.8999999999973 14.7456733834819
52.9999999999973 14.7651589347347
53.0999999999973 14.7846444859875
53.1999999999973 14.8041300372403
53.2999999999973 14.8236155884931
53.3999999999973 14.8431011397459
53.4999999999973 14.8625866909986
53.5999999999973 14.8820722422514
53.6999999999973 14.9015577935042
53.7999999999973 14.921043344757
53.8999999999973 14.9405288960098
53.9999999999973 14.9600144472626
54.0999999999973 14.9794999985154
54.1999999999973 14.9989855497681
54.2999999999973 15.0184711010209
54.3999999999973 15.0379566522737
54.4999999999973 15.0574422035265
54.5999999999973 15.0769277547793
54.6999999999973 15.0964133060321
54.7999999999973 15.1158988572849
54.8999999999973 15.1353844085376
54.9999999999973 15.1548699597904
55.0999999999973 15.1743555110432
55.1999999999973 15.193841062296
55.2999999999973 15.2133266135488
55.3999999999973 15.2328121648016
55.4999999999973 15.2522977160544
55.5999999999973 15.2717832673071
55.6999999999973 15.2912688185599
55.7999999999973 15.3107543698127
55.8999999999973 15.3302399210655
55.9999999999973 15.3497254723183
56.0999999999973 15.3692110235711
56.1999999999973 15.3886965748239
56.2999999999973 15.4163323617285
56.3999999999973 15.4445524159677
56.4999999999973 15.472772470207
56.5999999999973 15.5009925244462
56.6999999999973 15.5292125786854
56.7999999999973 15.5574326329247
56.8999999999973 15.5856526871639
56.9999999999973 15.6138727414032
57.0999999999973 15.6420927956424
57.1999999999973 15.6703128498816
57.2999999999973 15.6985329041209
57.3999999999973 15.7267529583601
57.4999999999973 15.7549730125993
57.5999999999974 15.7831930668386
57.6999999999974 15.8114131210778
57.7999999999974 15.839633175317
57.8999999999974 15.8678532295563
57.9999999999974 15.8960732837955
58.0999999999974 15.9242933380348
58.1999999999974 15.952513392274
58.2999999999974 15.9807334465132
58.3999999999974 16.0089535007525
58.4999999999974 16.0371735549917
58.5999999999974 16.0653936092309
58.6999999999974 16.0936136634702
58.7999999999974 16.1218337177094
58.8999999999974 16.1500537719486
58.9999999999974 16.1782738261879
59.0999999999974 16.2064938804271
59.1999999999974 16.2347139346664
59.2999999999974 16.2629339889056
59.3999999999974 16.2911540431448
59.4999999999974 16.3193740973841
59.5999999999974 16.3475941516233
59.6999999999974 16.3758142058625
59.7999999999974 16.4040342601018
59.8999999999974 16.432254314341
59.9999999999974 16.4604743685802
60.0999999999974 16.4886944228195
60.1999999999974 16.5169144770587
60.2999999999974 16.545134531298
60.3999999999974 16.5733545855372
60.4999999999974 16.6015746397764
60.5999999999974 16.6297946940157
60.6999999999974 16.6580147482549
60.7999999999974 16.6862348024941
60.8999999999974 16.7144548567334
60.9999999999974 16.7426749109726
61.0999999999974 16.7708949652118
61.1999999999974 16.7991150194511
61.2999999999974 16.8273350736903
61.3999999999974 16.8555551279295
61.4999999999974 16.8837751821688
61.5999999999974 16.911995236408
61.6999999999974 16.9402152906473
61.7999999999974 16.9684353448865
61.8999999999974 16.9966553991257
61.9999999999974 17.024875453365
62.0999999999974 17.0530955076042
62.1999999999974 17.0813155618434
62.2999999999974 17.1095356160827
62.3999999999974 17.1377556703219
62.4999999999974 17.1659757245611
62.5999999999974 17.1941957788004
62.6999999999974 17.2224158330396
62.7999999999974 17.2506358872789
62.8999999999974 17.2788559415181
62.9999999999974 17.3070759957573
63.0999999999974 17.3352960499966
63.1999999999974 17.3635161042358
63.2999999999974 17.391736158475
63.3999999999974 17.4199562127143
63.4999999999974 17.4481762669535
63.5999999999974 17.4763963211927
63.6999999999974 17.504616375432
63.7999999999974 17.5328364296712
63.8999999999974 17.5610564839105
63.9999999999974 17.5892765381497
64.0999999999974 17.6201622986115
64.1999999999974 17.6584170953421
64.2999999999974 17.6966718920727
64.3999999999974 17.7349266888033
64.4999999999974 17.7731814855339
64.5999999999974 17.8114362822645
64.6999999999974 17.8496910789951
64.7999999999974 17.8879458757257
64.8999999999974 17.9262006724563
64.9999999999974 17.9644554691869
65.0999999999974 18.0027102659175
65.1999999999974 18.0409650626481
65.2999999999974 18.0792198593787
65.3999999999974 18.1174746561093
65.4999999999974 18.1557294528399
65.5999999999974 18.1939842495705
65.6999999999973 18.2322390463011
65.7999999999973 18.2704938430317
65.8999999999973 18.3087486397623
65.9999999999973 18.3470034364929
66.0999999999973 18.3852582332235
66.1999999999973 18.4235130299541
66.2999999999973 18.4617678266847
66.3999999999973 18.5000226234153
66.4999999999973 18.5382774201459
66.5999999999973 18.5765322168765
66.6999999999973 18.6147870136071
66.7999999999973 18.6530418103377
66.8999999999973 18.6912966070683
66.9999999999973 18.7295514037989
67.0999999999973 18.7678062005295
67.1999999999973 18.8060609972601
67.2999999999973 18.8443157939907
67.3999999999972 18.8825705907213
67.4999999999972 18.9208253874519
67.5999999999972 18.9590801841825
67.6999999999972 18.9973349809131
67.7999999999972 19.0355897776438
67.8999999999972 19.0738445743744
67.9999999999972 19.112099371105
68.0999999999972 19.1503541678356
68.1999999999972 19.1886089645662
68.2999999999972 19.2268637612968
68.3999999999972 19.2651185580274
68.4999999999972 19.303373354758
68.5999999999972 19.3416281514886
68.6999999999972 19.3798829482192
68.7999999999972 19.4181377449498
68.8999999999972 19.4563925416804
68.9999999999972 19.494647338411
69.0999999999972 19.5329021351416
69.1999999999971 19.5711569318722
69.2999999999971 19.6094117286028
69.3999999999971 19.6476665253334
69.4999999999971 19.685921322064
69.5999999999971 19.7241761187946
69.6999999999971 19.7624309155252
69.7999999999971 19.8006857122558
69.8999999999971 19.8389405089864
69.9999999999971 19.877195305717
70.0999999999971 19.9154501024476
70.1999999999971 19.9537048991782
70.2999999999971 19.9919596959088
70.3999999999971 20.0302144926394
70.4999999999971 20.06846928937
70.5999999999971 20.1067240861006
70.6999999999971 20.1449788828312
70.7999999999971 20.1832336795618
70.899999999997 20.2214884762924
70.999999999997 20.259743273023
71.099999999997 20.2979980697536
71.199999999997 20.3362528664842
71.299999999997 20.3745076632148
71.399999999997 20.4127624599454
71.499999999997 20.451017256676
71.599999999997 20.4892720534066
71.699999999997 20.5275268501372
71.799999999997 20.5657816468679
71.899999999997 20.6040364435985
71.999999999997 20.6422912403291
72.099999999997 20.6805460370597
72.199999999997 20.7188008337903
72.299999999997 20.7570556305209
72.399999999997 20.7953104272515
72.499999999997 20.8335652239821
72.599999999997 20.8718200207127
72.6999999999969 20.9100748174433
72.7999999999969 20.9483296141739
72.8999999999969 20.9865844109045
72.9999999999969 21.0248392076351
73.0999999999969 21.0630940043657
73.1999999999969 21.1013488010963
73.2999999999969 21.1396035978269
73.3999999999969 21.1778583945575
73.4999999999969 21.2161131912881
73.5999999999969 21.2543679880187
73.6999999999969 21.2926227847493
73.7999999999969 21.3308775814799
73.8999999999969 21.3691323782105
73.9999999999969 21.4073871749411
74.0999999999969 21.4456419716717
74.1999999999969 21.4838967684023
74.2999999999969 21.5221515651329
74.3999999999969 21.5604063618635
74.4999999999968 21.5986611585941
74.5999999999968 21.6369159553247
74.6999999999968 21.6751707520553
74.7999999999968 21.7134255487859
74.8999999999968 21.7516803455165
74.9999999999968 21.7899351422471
75.0999999999968 21.8312074576817
75.1999999999968 21.875808321037
75.2999999999968 21.9204091843922
75.3999999999968 21.9650100477475
75.4999999999968 22.0096109111028
75.5999999999968 22.0542117744581
75.6999999999968 22.0988126378133
75.7999999999968 22.1434135011686
75.8999999999968 22.1880143645239
75.9999999999968 22.2326152278791
76.0999999999968 22.2772160912344
76.1999999999967 22.3218169545897
76.2999999999967 22.3664178179449
76.3999999999967 22.4110186813002
76.4999999999967 22.4556195446555
76.5999999999967 22.5002204080107
76.6999999999967 22.544821271366
76.7999999999967 22.5894221347213
76.8999999999967 22.6340229980766
76.9999999999967 22.6786238614318
77.0999999999967 22.7232247247871
77.1999999999967 22.7678255881424
77.2999999999967 22.8124264514976
77.3999999999967 22.8570273148529
77.4999999999967 22.9016281782082
77.5999999999967 22.9462290415634
77.6999999999967 22.9908299049187
77.7999999999967 23.035430768274
77.8999999999967 23.0800316316292
77.9999999999966 23.1246324949845
78.0999999999966 23.1692333583398
78.1999999999966 23.2138342216951
78.2999999999966 23.2584350850503
78.3999999999966 23.3030359484056
78.4999999999966 23.3476368117609
78.5999999999966 23.3922376751161
78.6999999999966 23.4368385384714
78.7999999999966 23.4814394018267
78.8999999999966 23.5260402651819
78.9999999999966 23.5706411285372
79.0999999999966 23.6152419918925
79.1999999999966 23.6598428552477
79.2999999999966 23.704443718603
79.3999999999966 23.7490445819583
79.4999999999966 23.7936454453135
79.5999999999966 23.8382463086688
79.6999999999965 23.8828471720241
79.7999999999965 23.9274480353794
79.8999999999965 23.9720488987346
79.9999999999965 24.0166497620899
80.0999999999965 24.0612506254452
80.1999999999965 24.1058514888004
80.2999999999965 24.1504523521557
80.3999999999965 24.195053215511
80.4999999999965 24.2396540788662
80.5999999999965 24.2842549422215
80.6999999999965 24.3288558055768
80.7999999999965 24.373456668932
80.8999999999965 24.4180575322873
80.9999999999965 24.4626583956426
81.0999999999965 24.5072592589979
81.1999999999965 24.5518601223531
81.2999999999965 24.5964609857084
81.3999999999965 24.6410618490637
81.4999999999964 24.6856627124189
81.5999999999964 24.7302635757742
81.6999999999964 24.7748644391295
81.7999999999964 24.8194653024847
81.8999999999964 24.86406616584
81.9999999999964 24.9086670291953
82.0999999999964 24.9532678925505
82.1999999999964 24.9978687559058
82.2999999999964 25.0424696192611
82.3999999999964 25.0870704826164
82.4999999999964 25.1316713459716
82.5999999999964 25.1762722093269
82.6999999999964 25.2208730726822
82.7999999999964 25.2654739360374
