alu, 164.4216962491109, 53.20671220368865, 184.2645305887734, 47.52009663391147, 222.9213671005953, 57.53016718593652, 219.6179581566086, 68.66709006869418, 207.5762256446732, 67.76086867804949, 198.8881522960044, 59.13104142009229, 183.5728714009608, 54.09093665455531, 166.2490543222814, 57.3235099841999, 164.42169624909, 53.20671220368865 
cam, -106.918362222, 17.359515287, -82.196894297, 6.169863362, -83.829557988, 15.998029228, -101.291769997, 22.184556531, -109.848818632, 24.195169424, -106.918362222, 17.359515287
cas, -130, 38, -116, 38, -116, 51, -130, 51, -130, 38
izu, 138.907380951, 9.488711165, 148.353079486, 11.159728898, 149.928135166, 19.690247731, 145.955299341, 25.19874669, 147.172454496, 38.156616336, 128.242370437, 38.261309241, 135.685496113, 27.237342277, 135.685496113, 20.237342277, 142.125007962, 17.233677988, 138.446562302, 13.405770976, 138.907380951, 9.488711165
kur, 129.934443163349, 37.03242731107285, 134.2424351632923, 30.26126977124381, 144.6679077771501, 30.15839829858706, 147.394200339, 40.089452398, 163.018864016, 50.86626319599999, 166.274394947, 57.50124962999999, 152.509725543, 56.786864354, 140.07162485, 50.336194957, 127.2209036, 45.735475834, 129.934443163349, 37.03242731107285
jap, 138.907380951, 9.488711165, 148.353079486, 11.159728898, 149.928135166, 19.690247731, 145.955299341, 25.19874669, 144.6679077771501, 34.15839829858706, 147.394200339, 40.089452398, 163.018864016, 50.86626319599999, 166.274394947, 57.50124962999999, 152.509725543, 56.786864354, 140.07162485, 50.336194957, 127.2209036, 45.735475834, 129.934443163349, 37.03242731107285, 134.2424351632923, 34.26126977124381, 135.685496113, 27.237342277, 135.685496113, 20.237342277, 142.125007962, 17.233677988, 138.446562302, 13.405770976, 138.907380951, 9.488711165
ker, 170.5484436182795, -44.9763713766378, 175.3741539193369, -44.34826729028917, 177.7398948105143, -42.5678625155105, 181.9845871511279, -39.53805316491538, 189.6766241691439, -15.68575040413665, 186.314065280861, -13.84121227551315, 180.7920580169759, -13.36479669061591, 179.5348868662458, -15.2875224877454, 176.7131867233695, -17.53539055101327, 177.9270150529634, -18.98645357087258, 176.2922940990235, -23.88404041203784, 175.7767751789225, -28.21846451754057, 175.3312076995896, -30.13118603843998, 172.0400371316346, -36.21494539788385, 168.2722179732475, -40.41369240018195, 170.5484436182795, -44.9763713766378
phi, 125.072947680579, 7.616840992570084, 125.6986864876133, 5.546106572846452, 126.5943888431876, 4.382028267762694, 127.0943888431876, 1.182028267762694, 128.3522592994905, 1.182028267762694, 130.3125593889129, 1.182028267762694, 130.3125593889129, 4.61159517854922, 129.8504624733495, 5.319378013226827, 129.6045827952755, 5.55655674714272, 129.4441415686648, 8.307303007305594, 128.2174759032016, 12.43120722844409, 126.7288613228992, 15.48041350225355, 124.9098237571399, 15.91415089341951, 125.1512808237824, 17.18417914427814, 121.6066749739889, 17.23914459440793, 121.4511269781377, 16.84476579032902, 121.314361578761, 15.0780701785465, 121.2459021837909, 14.07195389435976, 123.4786391920267, 11.57023528003634, 124.2626523331505, 9.298063110997063, 125.072947680579, 7.616840992570084
ryu, 127.4288038788394, 22.26632416399351, 132.697435233534, 26.93263904598129, 134.7331772189146, 30.87979349419375, 140.0, 31.87979349419375, 140.0, 38.87979349419375, 134.242106801504, 36.26254874981741, 130.6899410884147, 35.28080046047442, 129.8847687264892, 34.61812377998543, 125.1341794077492, 30.24768914733847, 119.4899682181835, 29.06574546474753, 120.1341321655983, 21.8591559547871, 127.4288038788394, 22.26632416399351 
van, 167.3171261030544, -23.70241291359183, 172.6543380402586, -24.62125823625374, 174, -24, 174, -20, 171.2329294983824, -17.7537483304459, 170.9926823845863, -15.29945768350086, 170.948062084793, -13.41512920671944, 169.6206996727601, -8.769694878471231, 164.798117206305, -9.98679995018973, 164.434401521746, -13.02426675390048, 164.1623435774434, -15.68251804664351, 165.3058672985913, -18.40221682453831, 167.3171261030544, -23.70241291359183
sco, -32, -62, -22, -62, -22, -53, -32, -53, -32, -62 
sol, 145.2460532228254, -8.125707082587058, 145.5759145820123, -8.694804934317718, 147.8198614863148, -9.98410814967327, 152.9573527881078, -8.770501869376946, 162.1124694106115, -14.22155358959671, 164.5689196778401, -11.03237315935251, 164.2497602421872, -9.087854981171109, 157.797880772, -5.368797823, 155.239177041, -2.503359904, 149.4909673543932, -2.897025670032203, 146.0125145499831, -3.611723576183449, 145.4968922611344, -3.245305101128841, 145.2508349228811, -3.161055621218579, 144.6356177788941, -2.932967694544018, 142.6186851125659, -3.196161614061674, 140.6102593648766, -1.580760075962307, 136.4798088315223, -2.080760075962307, 135.4798088315223, -7.438297605387076, 144.153150836311, -8.033040412427759, 145.2460532228254, -8.125707082587058
sam, -74.932134609, -21.65316569, -77.64823117922474, -45.75715487144211, -60.86648253537336, -45.90010680625958, -59.831143307, -30.04781179800001, -60.80056319099999, -14.425937252, -70.964422876, 0.140432709, -68.21725179701583, 10.9022867983857, -71.73663538238499, 11.46550400460538, -73.41789943579809, 11.08850918353406, -78.65993814173031, 7.200617896890816, -85.183619068, -2.884071269000001, -74.932134609, -21.65316569 
sum, 90.80767806099999, 2.964837832, 100.963979702, -11.310182699, 127.846056627, -13.200306038, 134.836678946, -5.292901451, 129.556427317, -0.853096403, 108.050430109, -2.170876728, 97.696421259, 9.021809813000001, 97.39493847499999, 24.852804309, 98.46610552467068, 29.29140782588353, 94.51816472809899, 28.9944838567389, 90.51816472809899, 24.9944838567389, 90.40329036933738, 23.44102179074298, 90.80767806099999, 2.964837832
man, 116.9013753132509, 13.98947342360975, 117.7582974844658, 11.04132496117684, 122.6019968231477, 11.00475211712847, 122.6525852336628, 14.06656015953184, 122.2137194363146, 15.06672190302484, 122.3111265797891, 16.81583863121085, 122.5836669897726, 17.46099128326978, 123.9575534978686, 19.88593274602943, 123.4374551336049, 22.65271210664397, 121.4152918799849, 23.1284581318996, 118.5461168953888, 23.1280543438837, 117.9225652904223, 21.28639992530749, 118.0713843420346, 19.63929374822381, 117.4087432821634, 18.41855127755312, 117.0496182026828, 16.60954178263372, 116.9013753132509, 13.98947342360975 
puy, 160.620599625821, -52.19613570933415, 164.9418281544982, -52.09210739044411, 166.184664464, -49.406994064, 170.2502820820621, -45.9, 164.7369325455714, -43.2, 162.9705693550197, -46.21941303808541, 160.620599625821, -52.19613570933415
hel, 16.122229245, 31.658925596, 26.02377294, 29.206901821, 30.02377294, 30.206901821, 37, 35, 34.725755732, 39.330070849, 17.075842881, 41.620144639, 16.122229245, 31.658925596 
png, 134.0040916551657, -4.109147580074827, 136.7107928387942, -5.885525319705941, 140.3982624970478, -5.803165909860692, 143.1000137337789, -2.565801748276539, 143.8517165914256, -2.049270915137428, 138.856066, 1.478388, 133.584557458, 1.585622839, 131.1043968351852, 0.4270482744106253, 131.4406497536018, -2.174969337783057, 134.0040916551657, -4.109147580074827
car, -72.087, 22.9986, -66.6377, 22.9703, -62.5072, 22.7016, -58.3043, 21.3013, -56.4058, 17.9632, -56.0145, 11.8529, -57.9855, 8.2603, -65.2174, 7.7935, -68.6812, 8.6704, -67.5942, 12.2065, -65.1304, 13.14, -64.3043, 14.4979, -64.8551, 16.6478, -65.3478, 17.1994, -66.3188, 17.7935, -69.2029, 18.3451, -71.0, 18.3876, -73.8986, 18.4158, -73.5217, 22.2348, -72.087, 22.9986
mak, 55.866387886, 21.390836064, 66.70814439599999, 22.195345803, 68.17491314199999, 31.365008637, 54.657632103, 31.697190944, 55.866387886, 21.390836064 
cal, 10.937887262, 36.836162518, 15, 33, 20.906422697, 35.450218087, 20.966443065, 43.025416418, 10.319421935, 42.654410982, 10.937887262, 36.836162518 
him, 76.77518632320827, 28.67149613416677, 82.56782138722978, 26.42225729074482, 89.02785495463073, 25.12088376783226, 93.96395506764711, 25.68497325950221, 97.90599931715238, 29.31024010692318, 92.2910039942454, 30.55159499129469, 85.13417459015909, 30.18951646440357, 78.32623748932677, 36.73371833965125, 71.378991488, 30.340083996, 76.77518632320827, 28.67149613416677 
hal, 121.7612500029393, 6.365766943977755, 119.8893069272082, 1.592242030678457, 119.2116474989065, 0.09893281140599293, 121.8817295041895, -0.255136704419233, 127.1780826766891, -0.703321111054402, 127.8282542122972, -0.2692961053097007, 129.0728257979979, 1.865100284705062, 129.2162111744594, 2.54784575903643, 129.3522592994905, 3.182028267762694, 127.5943888431876, 4.382028267762694, 126.6579607734089, 5.530717353032308, 125.9718023276519, 7.655659910884167, 125.1248294045353, 9.373546839178664, 124.8144024801185, 10.16898215269979, 124.402025134501, 10.35438295170196, 122.9034294256657, 10.36379494183346, 121.7612500029393, 6.365766943977755
sul, 120.326122011707, -1.02120115884545596, 120.4715335783053, -0.8974491243706817, 120.9204079860231, -0.5939640931975699, 121.9227432271978, -0.3119384831270895, 122.7771759785892, -0.4190117830361211, 123.8659290682911, -0.5083113102846896, 124.5697199679855, -0.7387148964674433, 124.54696585174, 3.182984647301921, 123.5148853581712, 3.170356241385995, 123.0484820378427, 3.268425303610692, 122.1224661443459, 3.287488170355284, 120.9499422049373, 3.53947585743847, 117.9441903933325, 2.930022790763551, 118.2036706800927, 0.333898524718755, 120.326122011707, -1.02120115884545596 
cot, 121.5179231551743, 7.923523825367124, 121.6201019799023, 6.27915215636375, 121.937641951371, 5.855769591559648, 122.4701982503718, 4.573155044606549, 124.0198718208811, 4.804416136568677, 126.0916932890477, 5.589528656026151, 126.5290822677706, 6.516241798132019, 125.905932797133, 6.827083789399711, 125.1886226226769, 7.666796650106887, 125.1886226226769, 8.166796650106887, 123.1886226226769, 8.166796650106887, 121.5179231551743, 7.923523825367124 
hin, 70.724, 37.512, 72.2305, 36.4086, 71.4786, 35.639, 69.968, 35.2869, 68.6609, 35.7564, 68.8061, 36.8599, 69.8809, 37.0946, 70.724, 37.512
pam, 70.724, 37.512, 72.2305, 36.4086, 74.093, 36.449, 76.2861, 36.7777, 77.2447, 38.1042, 76.5911, 39.3955, 74.0058, 39.5715, 70.8976, 38.5737, 70.724, 37.512
mue, -70.9942, 18.3588, -69.1879, 18.3048, -64.1301, 18.2696, -63.2919, 13.9629, -68.422, 12.7692, -73.6821, 14.3437, -72.9884, 16.7599, -70.9942, 18.3588
pan, -84.7457, 13.2271, -81.5491, 14.0729, -76.9432, 13.9522, -74.6194, 10.918, -75.4686, 7.8334, -80.0526, 7.965, -83.3219, 8.8729, -84.476, 11.4848, -84.7457, 13.2271
exp, 125.4814, -1.4332, 126.9722, 4.1261, 130.6262, 3.1415, 129.1328, -2.4075, 125.4814, -1.4332
