120.112913999 21.6348188426 4.08389
120.335568509 21.5716674847 4.08389
120.49872491 21.5251685667 4.19426
120.786876878 21.4425861238 4.08389
120.893821391 21.4117870783 4.19426
120.985922085 21.3851981108 4.19426
121.101000806 21.3518912601 4.41501
121.153590754 21.3366391767 4.52539
121.216027155 21.3185060714 5.84989
121.273520685 21.3017841541 7.28477
121.331001252 21.2850426771 10.8168
121.477106844 21.2423837895 24.5033
122.297986539 20.9999116197 136.976
123.417631653 20.6615549176 299.448
120.057659914 21.1298066125 4.08389
120.289353345 21.1182595562 4.08389
120.459238663 21.1095915991 4.19426
120.759491818 21.0938555628 4.08389
120.870997973 21.0878761898 4.19426
120.967057648 21.0826663117 4.19426
121.087122677 21.0760779602 4.41501
121.142005956 21.0730380258 4.52539
121.207176977 21.0694051927 5.84989
121.26720006 21.0660371646 7.28477
121.327220552 21.0626480386 10.8168
121.479831377 21.0539350235 24.5033
122.338566902 21.0023473711 136.976
123.513388059 20.9247332489 299.448
120.235909939 20.6632099491 4.09401
120.372966603 20.671470851 4.20236
120.576274327 20.6835238589 4.01705
120.828910962 20.6981665295 3.93432
121.007631685 20.7083009813 4.04541
121.133984095 20.7153537954 4.05371
121.235683039 20.7209630541 4.55708
121.288072514 20.72382915 5.05721
121.343541631 20.7268463279 5.85556
121.401056463 20.7299558832 7.38252
121.462670255 20.7332657042 9.77068
121.544784068 20.737642439 15.6039
121.680212417 20.7447751961 29.6525
122.170553337 20.7697079568 91.804
123.71211881 20.8389773355 299.455
120.364909443 20.2174008852 4.947
120.445180113 20.216050898 5.18257
120.514503646 20.2148556533 5.18257
120.636729347 20.2126819991 5.06478
120.886642566 20.2079742212 5.41814
121.010681329 20.2055062906 5.53592
121.193083963 20.2017188737 5.53592
121.26786645 20.2001116362 5.53592
121.375477445 20.1977432779 5.65371
121.426545949 20.1965963956 6.00707
121.466670702 20.1956849266 6.71378
121.515913975 20.1945538647 8.59835
121.574275554 20.1931955887 11.1896
121.618045971 20.1921642452 14.4876
121.709232661 20.1899808181 23.086
121.920775549 20.1847342454 49.2344
122.558960436 20.1673715785 130.035
123.765612287 20.1282447749 298.94
120.397216566 19.7474518121 5.07454
120.483491901 19.7275363975 4.98853
120.614795091 19.6971381946 4.98853
120.748621428 19.6660456757 5.07454
120.843812377 19.6438618429 5.07454
120.996834506 19.6080828928 5.33257
121.093241889 19.5854667977 5.24656
121.22816685 19.5537181985 5.41858
121.270560831 19.5437193753 5.41858
121.310380738 19.5343175235 5.67661
121.37074394 19.5200464887 5.84862
121.424676523 19.5072767007 7.05275
121.473465282 19.4957093263 8.77294
121.519679727 19.4847387177 11.0092
121.571022031 19.4725353436 14.6216
121.753223927 19.4290968721 35.7798
122.350468189 19.2852717275 118.521
123.580063917 18.9822561216 298.968
120.094900934 19.3705808269 5.07454
120.175366243 19.3355449568 4.98853
120.297799354 19.2821390415 4.98853
120.422550867 19.2276020474 5.07454
120.511265909 19.1887454595 5.07454
120.653841497 19.1261705237 5.33257
120.743644433 19.086676173 5.24656
120.869296723 19.031311002 5.41858
120.908770101 19.0138929833 5.41858
120.945843662 18.9975229541 5.67661
121.002037989 18.9726898275 5.84862
121.052240045 18.95048418 7.05275
121.097649396 18.9303817354 8.77294
121.140658654 18.9113271486 11.0092
121.188435472 18.8901436686 14.6216
121.357944878 18.8148442247 35.7798
121.91315824 18.5666641716 118.521
123.054228701 18.0492367794 298.968
119.840636479 19.027382473 5.07454
119.913750999 18.9803479128 4.98853
120.024980423 18.9086880323 4.98853
120.138292688 18.8355549581 5.07454
120.218858623 18.7834762772 5.07454
120.348312982 18.6996557872 5.33257
120.42983587 18.6467821867 5.24656
120.543882789 18.5727000842 5.41858
120.579705597 18.5494029926 5.41858
120.61334846 18.5275116688 5.67661
120.664338894 18.494310288 5.84862
120.709888107 18.4646294099 7.05275
120.751085684 18.4377659357 8.77294
120.790103046 18.4123081586 11.0092
120.83344236 18.3840122568 14.6216
120.987181528 18.283483154 35.7798
121.490459568 17.9527197585 118.521
122.523501186 17.2658484239 298.968
119.63196517 18.6140799275 4.79406
119.696630696 18.5770245539 4.65892
119.820784379 18.5057736561 4.90985
119.929541749 18.4432432149 4.77132
120.099317637 18.3454150362 4.62812
120.245179356 18.2611579066 5.13778
120.34516742 18.2032885183 5.65095
120.424786305 18.1571434818 7.20734
120.514541581 18.1050551117 10.7161
120.61441861 18.0470074421 16.4376
120.704125396 17.9947941906 24.8943
120.776886374 17.952391085 33.222
121.137007278 17.7418250612 91.0069
122.405109815 16.9912135117 299.177
119.458799913 18.1730181442 4.69548
119.83321935 18.0600778992 5.06276
119.947450795 18.0254481935 5.25144
120.158658052 17.9612074905 5.43339
120.28989269 17.921152525 6.99704
120.372611176 17.8958509298 8.95723
120.500962437 17.8565079365 14.8461
120.623605691 17.8188198864 23.8809
120.740551117 17.782796655 36.2581
121.150121554 17.6559732934 91.0069
122.535485482 17.2194117752 299.074
119.20732069 17.7555731717 4.69548
119.596915028 17.7144554037 5.06276
119.715840488 17.7017471813 5.25144
119.935805534 17.6780488147 5.43339
120.072533249 17.6631918559 6.99704
120.158734252 17.6537754202 8.95723
120.292520018 17.6390847383 14.8461
120.420391026 17.6249569721 23.8809
120.542353041 17.611403251 36.2581
120.969735687 17.5633011211 91.0069
122.418110416 17.3932789326 295.174
119.152121141 17.3050417911 5.14427
119.303390418 17.3024324909 4.76586
119.507886842 17.2987246539 4.93765
119.63674425 17.2962817646 5.11413
119.804815698 17.2929717261 5.47268
119.958900128 17.2898140952 7.49262
120.02333757 17.2884586834 8.59563
120.143836002 17.2858688191 12.8317
120.191484295 17.28482486 15.2272
120.261569978 17.2832688542 19.8354
120.312046735 17.2821331135 24.2603
120.370951374 17.2807917758 30.5297
120.682375551 17.2734144447 69.6248
122.29554291 17.2275105067 298.86
119.221023772 16.8576216701 5.45685
119.426309682 16.8438100419 5.20305
119.551001371 16.8353202058 5.45685
119.65074662 16.8284741793 5.32995
119.769664214 16.8202487252 5.71066
119.857886712 16.8141017923 6.21827
119.965280268 16.8065678051 7.48731
120.040067123 16.8012880111 8.50254
120.116767291 16.7958447769 10.9137
120.180041589 16.7913327282 13.0711
120.266319864 16.7851487923 18.1472
120.343006942 16.7796218058 23.9848
120.412021446 16.7746232659 30.8376
120.490616986 16.7689024992 39.8477
120.605626183 16.7604769772 53.4264
122.25484804 16.6325707481 298.35
119.198959682 16.4068638127 5.45685
119.403620361 16.3912274673 5.20305
119.527930827 16.3816321214 5.45685
119.627370338 16.3739033044 5.32995
119.745922521 16.3646271751 5.71066
119.833873295 16.3577020348 6.21827
119.940935356 16.3492221923 7.48731
120.015490898 16.3432846704 8.50254
120.091953437 16.3371676912 10.9137
120.155031401 16.3321004502 13.0711
120.241041527 16.3251603784 18.1472
120.317489843 16.3189621872 23.9848
120.386289135 16.3133603017 30.8376
120.464639199 16.3069532433 39.8477
120.579288449 16.2975250332 53.4264
122.22325537 16.1554472195 298.35
119.233466085 15.956826312 5.18072
119.324173489 15.9518893594 5.3012
119.403992285 15.9475134533 5.42169
119.532783446 15.9403903915 5.3012
119.639800078 15.9344130703 5.3012
119.739555582 15.9287934711 5.66265
119.85562767 15.9221966054 5.90361
119.975318994 15.9153286214 7.3494
120.0786821 15.9093441245 9.15663
120.185665518 15.903097872 12.6506
120.281763611 15.897441948 16.988
120.359725952 15.892821984 23.8554
120.584527509 15.8793428791 46.8675
122.262294845 15.7713632469 299.157
119.209508113 15.4997621191 5.18072
119.299606957 15.4901635507 5.3012
119.378886997 15.4816866497 5.42169
119.506802452 15.467948516 5.3012
119.613085431 15.456476483 5.3012
119.712152166 15.4457366101 5.66265
119.827416893 15.4331839567 5.90361
119.946269013 15.4201767405 7.3494
120.04890196 15.4088923903 9.15663
120.15512435 15.3971624985 12.6506
120.250534262 15.3865824964 16.988
120.327935116 15.3779688636 23.8554
120.551101724 15.3529799037 46.8675
122.215930137 15.1593837269 299.157
119.178781283 15.0610325615 5.32243
119.346328515 15.053233351 5.31152
119.416770815 15.0499174418 5.30693
119.496729691 15.0461271204 5.30172
119.622377291 15.0401142081 5.54799
119.702332498 15.0362517911 5.79724
119.780377632 15.0324545472 5.79215
119.875563733 15.0277870906 6.67654
119.923159868 15.0254382821 7.4368
119.99359676 15.0219440505 8.32279
120.041201442 15.0195701374 9.84641
120.111658534 15.0160383722 12.3864
120.180215702 15.0125809183 15.3081
120.225933486 15.0102638238 18.2313
120.290723565 15.0069643804 24.0795
120.504201073 14.9959626452 47.857
121.478461407 14.9432162284 194.486
122.164561102 14.9035767246 299.785
119.146120465 14.6090579221 5.18072
119.236044407 14.6014159619 5.3012
119.315172284 14.5946625589 5.42169
119.442845667 14.5837088371 5.3012
119.548930742 14.5745537116 5.3012
119.647815652 14.5659761935 5.66265
119.762872038 14.5559427923 5.90361
119.881512954 14.5455369866 7.3494
119.983966481 14.5365021015 9.15663
120.090006068 14.5271033217 12.6506
120.185254297 14.5186197189 16.988
120.262525732 14.5117085656 23.8554
120.485327964 14.491637216 46.8675
122.147851131 14.3351378671 299.157
119.27523405 14.1655464306 5.58419
119.361091809 14.1655131269 5.15464
119.474267872 14.1654225828 5.58419
119.575736005 14.1652963071 5.58419
119.661593525 14.1651561555 5.58419
119.766963978 14.1649424284 5.58419
119.884041968 14.1646510275 6.01375
120.028437751 14.1642134573 7.30241
120.106489193 14.1639409841 8.16151
120.231371233 14.1634525552 11.5979
120.317227308 14.1630793001 16.7526
120.473328354 14.1623224585 30.4983
120.691868117 14.1610933802 56.701
121.647943967 14.1533916195 199.742
122.291788717 14.1460731952 296.821
