 121.7612500029393   6.365766943977755
 119.8893069272082   1.592242030678457
 119.2116474989065   0.09893281140599293
 121.8817295041895   -0.255136704419233
 127.1780826766891   -0.703321111054402
 127.8282542122972   -0.2692961053097007
 129.0728257979979   1.865100284705062
 129.2162111744594   2.54784575903643
 129.3522592994905   3.182028267762694
 127.5943888431876   4.382028267762694
 126.6579607734089   5.530717353032308
 125.9718023276519   7.655659910884167
 125.1248294045353   9.373546839178664
 124.8144024801185   10.16898215269979
 124.402025134501   10.35438295170196
 122.9034294256657   10.36379494183346
 121.7612500029393   6.365766943977755
